# MD Simulation - NVT Ensemble
# Timestep: 1 fs
#     Step     Time(fs)      Temp(K)          KE(Ha)          PE(Ha)          TE(Ha)
         1        1.000       257.48      0.02690815   -756.80058473   -756.77367658
         2        2.000       218.39      0.02282290   -756.79978398   -756.77696108
         3        3.000       173.13      0.01809300   -756.79797031   -756.77987731
         4        4.000       218.57      0.02284190   -756.79974490   -756.77690301
         5        5.000       233.53      0.02440452   -756.79991495   -756.77551043
         6        6.000       213.00      0.02225969   -756.79951997   -756.77726029
         7        7.000       154.16      0.01611075   -756.79727806   -756.78116731
         8        8.000       134.63      0.01406970   -756.79661070   -756.78254100
         9        9.000       172.94      0.01807313   -756.79772084   -756.77964771
        10       10.000       220.55      0.02304852   -756.79924559   -756.77619707
        11       11.000       228.08      0.02383587   -756.79931151   -756.77547565
        12       12.000       185.42      0.01937748   -756.79782700   -756.77844952
        13       13.000       169.96      0.01776120   -756.79741411   -756.77965291
        14       14.000       188.43      0.01969135   -756.79773907   -756.77804772
        15       15.000       237.03      0.02477091   -756.79945479   -756.77468387
        16       16.000       214.41      0.02240696   -756.79855552   -756.77614856
        17       17.000       187.81      0.01962696   -756.79797125   -756.77834429
        18       18.000       150.15      0.01569143   -756.79643662   -756.78074519
        19       19.000       183.00      0.01912469   -756.79771884   -756.77859415
        20       20.000       208.74      0.02181481   -756.79837587   -756.77656106
        21       21.000       216.31      0.02260536   -756.79858899   -756.77598362
        22       22.000       183.87      0.01921520   -756.79762990   -756.77841469
        23       23.000       169.96      0.01776202   -756.79692384   -756.77916182
        24       24.000       199.87      0.02088787   -756.79812500   -756.77723713
        25       25.000       229.16      0.02394868   -756.79895950   -756.77501082
        26       26.000       240.53      0.02513681   -756.79947199   -756.77433518
        27       27.000       188.56      0.01970524   -756.79746451   -756.77775927
        28       28.000       164.21      0.01716082   -756.79679578   -756.77963495
        29       29.000       165.37      0.01728154   -756.79675572   -756.77947418
        30       30.000       208.64      0.02180436   -756.79830346   -756.77649910
        31       31.000       207.71      0.02170638   -756.79791160   -756.77620522
        32       32.000       166.59      0.01740924   -756.79683065   -756.77942141
        33       33.000       130.95      0.01368489   -756.79550202   -756.78181713
        34       34.000       159.55      0.01667422   -756.79653366   -756.77985945
        35       35.000       220.30      0.02302236   -756.79819916   -756.77517680
        36       36.000       265.20      0.02771485   -756.79951703   -756.77180218
        37       37.000       248.12      0.02592926   -756.79867534   -756.77274608
        38       38.000       219.85      0.02297506   -756.79772708   -756.77475202
        39       39.000       231.17      0.02415786   -756.79820785   -756.77404999
        40       40.000       279.82      0.02924300   -756.79961839   -756.77037539
        41       41.000       300.25      0.03137747   -756.80054408   -756.76916661
        42       42.000       257.66      0.02692675   -756.79919064   -756.77226389
        43       43.000       214.60      0.02242677   -756.79771594   -756.77528916
        44       44.000       189.25      0.01977763   -756.79683871   -756.77706108
        45       45.000       212.48      0.02220557   -756.79760701   -756.77540143
        46       46.000       232.80      0.02432852   -756.79815668   -756.77382816
        47       47.000       212.33      0.02218906   -756.79736855   -756.77517949
        48       48.000       183.00      0.01912481   -756.79656517   -756.77744036
        49       49.000       170.72      0.01784064   -756.79626510   -756.77842446
        50       50.000       218.24      0.02280740   -756.79787796   -756.77507056
        51       51.000       241.77      0.02526573   -756.79865635   -756.77339062
        52       52.000       245.79      0.02568621   -756.79894293   -756.77325672
        53       53.000       224.02      0.02341151   -756.79830280   -756.77489128
        54       54.000       227.63      0.02378825   -756.79849731   -756.77470905
        55       55.000       263.67      0.02755478   -756.79947827   -756.77192349
        56       56.000       279.75      0.02923544   -756.79986774   -756.77063230
        57       57.000       260.56      0.02722931   -756.79948735   -756.77225803
        58       58.000       221.98      0.02319824   -756.79812430   -756.77492606
        59       59.000       225.51      0.02356696   -756.79832414   -756.77475718
        60       60.000       251.31      0.02626360   -756.79894934   -756.77268574
        61       61.000       285.87      0.02987443   -756.80011591   -756.77024148
        62       62.000       255.44      0.02669441   -756.79885051   -756.77215610
        63       63.000       242.82      0.02537621   -756.79852710   -756.77315088
        64       64.000       229.14      0.02394670   -756.79787428   -756.77392757
        65       65.000       277.88      0.02903950   -756.79984962   -756.77081012
        66       66.000       286.97      0.02998980   -756.80007095   -756.77008115
        67       67.000       284.09      0.02968877   -756.80026532   -756.77057654
        68       68.000       234.11      0.02446591   -756.79831752   -756.77385161
        69       69.000       223.77      0.02338513   -756.79823298   -756.77484785
        70       70.000       237.40      0.02480943   -756.79854732   -756.77373789
        71       71.000       264.00      0.02758964   -756.79943120   -756.77184156
        72       72.000       252.76      0.02641507   -756.79895148   -756.77253641
        73       73.000       211.79      0.02213356   -756.79753621   -756.77540265
        74       74.000       210.88      0.02203826   -756.79764959   -756.77561133
        75       75.000       212.89      0.02224750   -756.79739725   -756.77514975
        76       76.000       258.25      0.02698809   -756.79930636   -756.77231827
        77       77.000       248.79      0.02599937   -756.79872143   -756.77272206
        78       78.000       253.90      0.02653423   -756.79917189   -756.77263765
        79       79.000       240.69      0.02515317   -756.79838596   -756.77323279
        80       80.000       260.93      0.02726842   -756.79929182   -756.77202340
        81       81.000       257.97      0.02695953   -756.79921310   -756.77225357
        82       82.000       252.71      0.02640932   -756.79915727   -756.77274795
        83       83.000       232.54      0.02430119   -756.79839322   -756.77409203
        84       84.000       223.25      0.02333096   -756.79831608   -756.77498512
        85       85.000       211.99      0.02215446   -756.79813562   -756.77598116
        86       86.000       206.72      0.02160312   -756.79792965   -756.77632653
        87       87.000       186.73      0.01951439   -756.79748039   -756.77796600
        88       88.000       168.63      0.01762244   -756.79665829   -756.77903585
        89       89.000       193.53      0.02022470   -756.79776598   -756.77754129
        90       90.000       211.97      0.02215166   -756.79794668   -756.77579503
        91       91.000       256.59      0.02681508   -756.79963314   -756.77281806
        92       92.000       221.74      0.02317323   -756.79787305   -756.77469982
        93       93.000       241.63      0.02525175   -756.79880765   -756.77355590
        94       94.000       228.39      0.02386794   -756.79800318   -756.77413523
        95       95.000       292.10      0.03052615   -756.80049550   -756.76996936
        96       96.000       294.67      0.03079429   -756.80030828   -756.76951399
        97       97.000       279.46      0.02920470   -756.80018152   -756.77097682
        98       98.000       220.30      0.02302217   -756.79813383   -756.77511166
        99       99.000       213.72      0.02233501   -756.79799880   -756.77566379
       100      100.000       248.41      0.02596019   -756.79897212   -756.77301193
       101      101.000       297.87      0.03112869   -756.80047956   -756.76935086
       102      102.000       287.95      0.03009206   -756.80004252   -756.76995047
       103      103.000       250.08      0.02613422   -756.79900121   -756.77286699
       104      104.000       233.94      0.02444756   -756.79860623   -756.77415867
       105      105.000       275.05      0.02874405   -756.79983652   -756.77109247
       106      106.000       334.38      0.03494430   -756.80201310   -756.76706881
       107      107.000       337.60      0.03528066   -756.80188869   -756.76660803
       108      108.000       314.79      0.03289658   -756.80133905   -756.76844247
       109      109.000       260.88      0.02726324   -756.79950371   -756.77224047
       110      110.000       275.22      0.02876146   -756.80035917   -756.77159771
       111      111.000       296.25      0.03095943   -756.80091912   -756.76995968
       112      112.000       309.57      0.03235190   -756.80149371   -756.76914181
       113      113.000       271.99      0.02842418   -756.80042341   -756.77199923
       114      114.000       238.34      0.02490786   -756.79939226   -756.77448440
       115      115.000       256.10      0.02676326   -756.79979057   -756.77302731
       116      116.000       292.67      0.03058584   -756.80097144   -756.77038560
       117      117.000       330.33      0.03452061   -756.80231188   -756.76779127
       118      118.000       323.82      0.03384028   -756.80172530   -756.76788502
       119      119.000       323.24      0.03378050   -756.80173021   -756.76794970
       120      120.000       327.26      0.03420055   -756.80169828   -756.76749773
       121      121.000       374.17      0.03910283   -756.80346762   -756.76436479
       122      122.000       382.29      0.03995105   -756.80342921   -756.76347816
       123      123.000       371.64      0.03883838   -756.80316292   -756.76432454
       124      124.000       329.11      0.03439328   -756.80151081   -756.76711753
       125      125.000       331.41      0.03463365   -756.80179203   -756.76715838
       126      126.000       349.91      0.03656761   -756.80228177   -756.76571416
       127      127.000       366.28      0.03827814   -756.80285675   -756.76457861
       128      128.000       322.03      0.03365378   -756.80165503   -756.76800125
       129      129.000       304.44      0.03181564   -756.80088218   -756.76906653
       130      130.000       299.74      0.03132403   -756.80067978   -756.76935576
       131      131.000       359.47      0.03756681   -756.80260918   -756.76504237
       132      132.000       400.02      0.04180367   -756.80360935   -756.76180568
       133      133.000       389.03      0.04065596   -756.80324199   -756.76258603
       134      134.000       342.11      0.03575231   -756.80168699   -756.76593469
       135      135.000       318.28      0.03326141   -756.80091414   -756.76765273
       136      136.000       352.44      0.03683145   -756.80199302   -756.76516157
       137      137.000       383.23      0.04004949   -756.80283828   -756.76278879
       138      138.000       373.31      0.03901231   -756.80248701   -756.76347470
       139      139.000       328.49      0.03432875   -756.80105534   -756.76672659
       140      140.000       282.13      0.02948388   -756.79956869   -756.77008481
       141      141.000       318.15      0.03324871   -756.80098360   -756.76773489
       142      142.000       358.31      0.03744537   -756.80205173   -756.76460636
       143      143.000       397.38      0.04152791   -756.80337850   -756.76185058
       144      144.000       373.95      0.03907995   -756.80215694   -756.76307699
       145      145.000       353.65      0.03695765   -756.80169365   -756.76473600
       146      146.000       363.65      0.03800282   -756.80177601   -756.76377320
       147      147.000       396.36      0.04142136   -756.80283092   -756.76140957
       148      148.000       409.45      0.04278913   -756.80336139   -756.76057226
       149      149.000       367.93      0.03845003   -756.80229933   -756.76384930
       150      150.000       318.74      0.03331013   -756.80084187   -756.76753174
       151      151.000       291.88      0.03050299   -756.80030898   -756.76980600
       152      152.000       298.23      0.03116651   -756.80047598   -756.76930947
       153      153.000       297.40      0.03107955   -756.80040375   -756.76932420
       154      154.000       284.39      0.02971998   -756.79984616   -756.77012618
       155      155.000       262.52      0.02743478   -756.79928288   -756.77184810
       156      156.000       279.91      0.02925235   -756.79995974   -756.77070739
       157      157.000       283.63      0.02964051   -756.79999342   -756.77035291
       158      158.000       307.05      0.03208833   -756.80077462   -756.76868629
       159      159.000       279.08      0.02916568   -756.79958635   -756.77042067
       160      160.000       283.88      0.02966729   -756.80002892   -756.77036163
       161      161.000       292.03      0.03051862   -756.80002395   -756.76950533
       162      162.000       306.29      0.03200844   -756.80070782   -756.76869938
       163      163.000       284.19      0.02969910   -756.79997047   -756.77027137
       164      164.000       245.31      0.02563592   -756.79885345   -756.77321754
       165      165.000       224.43      0.02345349   -756.79829358   -756.77484009
       166      166.000       232.98      0.02434758   -756.79869017   -756.77434259
       167      167.000       279.48      0.02920709   -756.80009534   -756.77088825
       168      168.000       287.83      0.03007913   -756.80001718   -756.76993805
       169      169.000       272.64      0.02849177   -756.79985646   -756.77136469
       170      170.000       256.02      0.02675562   -756.79882377   -756.77206815
       171      171.000       291.80      0.03049436   -756.80031095   -756.76981659
       172      172.000       339.14      0.03544182   -756.80144962   -756.76600780
       173      173.000       378.75      0.03958105   -756.80279689   -756.76321584
       174      174.000       354.60      0.03705752   -756.80184793   -756.76479041
       175      175.000       317.94      0.03322600   -756.80089066   -756.76766466
       176      176.000       297.19      0.03105758   -756.80031522   -756.76925764
       177      177.000       330.87      0.03457707   -756.80131840   -756.76674133
       178      178.000       347.25      0.03628976   -756.80189538   -756.76560562
       179      179.000       332.90      0.03478957   -756.80155813   -756.76676856
       180      180.000       296.73      0.03100976   -756.80039162   -756.76938186
       181      181.000       272.05      0.02843086   -756.79959816   -756.77116731
       182      182.000       298.78      0.03122350   -756.80062041   -756.76939691
       183      183.000       317.18      0.03314642   -756.80097130   -756.76782488
       184      184.000       352.99      0.03688896   -756.80240983   -756.76552088
       185      185.000       330.36      0.03452460   -756.80127253   -756.76674793
       186      186.000       337.87      0.03530873   -756.80189840   -756.76658967
       187      187.000       318.50      0.03328465   -756.80072632   -756.76744167
       188      188.000       346.09      0.03616774   -756.80207784   -756.76591009
       189      189.000       342.32      0.03577359   -756.80166761   -756.76589403
       190      190.000       365.15      0.03816028   -756.80262961   -756.76446934
       191      191.000       346.15      0.03617384   -756.80197900   -756.76580516
       192      192.000       335.92      0.03510503   -756.80205208   -756.76694705
       193      193.000       310.96      0.03249728   -756.80122904   -756.76873176
       194      194.000       322.14      0.03366499   -756.80159703   -756.76793204
       195      195.000       330.57      0.03454611   -756.80180461   -756.76725850
       196      196.000       366.00      0.03824861   -756.80292394   -756.76467533
       197      197.000       382.11      0.03993209   -756.80313464   -756.76320255
       198      198.000       372.81      0.03895993   -756.80327262   -756.76431269
       199      199.000       359.69      0.03758941   -756.80295604   -756.76536663
       200      200.000       364.42      0.03808386   -756.80315437   -756.76507051
       201      201.000       403.40      0.04215711   -756.80444844   -756.76229133
       202      202.000       427.53      0.04467938   -756.80480942   -756.76013004
       203      203.000       423.22      0.04422861   -756.80498322   -756.76075461
       204      204.000       388.16      0.04056500   -756.80365757   -756.76309257
       205      205.000       364.36      0.03807743   -756.80310706   -756.76502963
       206      206.000       370.74      0.03874412   -756.80324220   -756.76449807
       207      207.000       398.53      0.04164793   -756.80396918   -756.76232124
       208      208.000       414.09      0.04327455   -756.80442068   -756.76114613
       209      209.000       385.99      0.04033809   -756.80336809   -756.76302999
       210      210.000       363.42      0.03797897   -756.80309434   -756.76511536
       211      211.000       356.96      0.03730400   -756.80280218   -756.76549818
       212      212.000       390.91      0.04085227   -756.80422299   -756.76337072
       213      213.000       414.75      0.04334353   -756.80463493   -756.76129140
       214      214.000       419.43      0.04383250   -756.80497544   -756.76114294
       215      215.000       388.24      0.04057252   -756.80384441   -756.76327189
       216      216.000       374.21      0.03910719   -756.80381185   -756.76470466
       217      217.000       363.31      0.03796760   -756.80346457   -756.76549697
       218      218.000       371.38      0.03881147   -756.80408395   -756.76527248
       219      219.000       354.64      0.03706132   -756.80350736   -756.76644604
       220      220.000       345.42      0.03609843   -756.80362410   -756.76752567
       221      221.000       324.44      0.03390591   -756.80298282   -756.76907690
       222      222.000       341.64      0.03570338   -756.80362239   -756.76791901
       223      223.000       343.33      0.03587918   -756.80359172   -756.76771254
       224      224.000       362.06      0.03783742   -756.80422169   -756.76638427
       225      225.000       380.99      0.03981530   -756.80464316   -756.76482786
       226      226.000       407.91      0.04262853   -756.80555775   -756.76292922
       227      227.000       429.95      0.04493143   -756.80611545   -756.76118402
       228      228.000       433.28      0.04527968   -756.80632040   -756.76104072
       229      229.000       428.41      0.04477067   -756.80627961   -756.76150893
       230      230.000       433.57      0.04530986   -756.80627481   -756.76096495
       231      231.000       440.02      0.04598407   -756.80661967   -756.76063559
       232      232.000       453.29      0.04737084   -756.80723453   -756.75986369
       233      233.000       441.72      0.04616152   -756.80683542   -756.76067389
       234      234.000       422.62      0.04416593   -756.80619283   -756.76202690
       235      235.000       396.29      0.04141447   -756.80533401   -756.76391953
       236      236.000       409.37      0.04278123   -756.80599720   -756.76321596
       237      237.000       430.04      0.04494093   -756.80650755   -756.76156662
       238      238.000       462.94      0.04837978   -756.80745322   -756.75907344
       239      239.000       436.03      0.04556724   -756.80669474   -756.76112750
       240      240.000       420.18      0.04391126   -756.80640623   -756.76249497
       241      241.000       419.38      0.04382771   -756.80601010   -756.76218239
       242      242.000       451.53      0.04718755   -756.80714842   -756.75996087
       243      243.000       460.76      0.04815112   -756.80750772   -756.75935660
       244      244.000       452.53      0.04729152   -756.80736206   -756.76007055
       245      245.000       417.79      0.04366152   -756.80624053   -756.76257901
       246      246.000       403.41      0.04215840   -756.80585249   -756.76369409
       247      247.000       400.76      0.04188115   -756.80575250   -756.76387135
       248      248.000       421.06      0.04400232   -756.80619868   -756.76219636
       249      249.000       412.49      0.04310701   -756.80585319   -756.76274619
       250      250.000       394.84      0.04126295   -756.80527488   -756.76401194
       251      251.000       372.18      0.03889457   -756.80479113   -756.76589656
       252      252.000       361.80      0.03780970   -756.80455516   -756.76674546
       253      253.000       360.72      0.03769739   -756.80481191   -756.76711452
       254      254.000       356.16      0.03722061   -756.80451223   -756.76729162
       255      255.000       359.04      0.03752112   -756.80471816   -756.76719704
       256      256.000       337.95      0.03531695   -756.80429424   -756.76897728
       257      257.000       343.42      0.03588928   -756.80461716   -756.76872788
       258      258.000       329.74      0.03445937   -756.80409282   -756.76963346
       259      259.000       329.82      0.03446750   -756.80424422   -756.76977673
       260      260.000       318.70      0.03330604   -756.80372711   -756.77042107
       261      261.000       329.48      0.03443248   -756.80425558   -756.76982310
       262      262.000       338.35      0.03535901   -756.80410919   -756.76875018
       263      263.000       346.90      0.03625300   -756.80438960   -756.76813659
       264      264.000       337.65      0.03528582   -756.80378087   -756.76849505
       265      265.000       331.90      0.03468515   -756.80390294   -756.76921778
       266      266.000       353.94      0.03698795   -756.80422926   -756.76724131
       267      267.000       386.22      0.04036210   -756.80537876   -756.76501666
       268      268.000       405.45      0.04237195   -756.80602808   -756.76365613
       269      269.000       402.38      0.04205029   -756.80603267   -756.76398237
       270      270.000       394.44      0.04122078   -756.80568178   -756.76446100
       271      271.000       394.96      0.04127554   -756.80591302   -756.76463747
       272      272.000       426.50      0.04457133   -756.80667781   -756.76210648
       273      273.000       441.38      0.04612599   -756.80720996   -756.76108397
       274      274.000       427.97      0.04472444   -756.80683307   -756.76210863
       275      275.000       398.86      0.04168314   -756.80595199   -756.76426884
       276      276.000       375.82      0.03927459   -756.80517472   -756.76590013
       277      277.000       374.54      0.03914084   -756.80550076   -756.76635992
       278      278.000       379.94      0.03970536   -756.80570782   -756.76600246
       279      279.000       370.12      0.03867894   -756.80539117   -756.76671223
       280      280.000       333.36      0.03483727   -756.80413432   -756.76929705
       281      281.000       303.88      0.03175723   -756.80341147   -756.77165424
       282      282.000       296.78      0.03101525   -756.80303563   -756.77202038
       283      283.000       301.24      0.03148065   -756.80337082   -756.77189017
       284      284.000       294.61      0.03078817   -756.80294405   -756.77215589
       285      285.000       286.11      0.02990017   -756.80281985   -756.77291968
       286      286.000       266.80      0.02788164   -756.80194403   -756.77406239
       287      287.000       281.10      0.02937601   -756.80251971   -756.77314369
       288      288.000       292.67      0.03058548   -756.80247513   -756.77188965
       289      289.000       309.80      0.03237568   -756.80319807   -756.77082240
       290      290.000       300.99      0.03145455   -756.80270160   -756.77124705
       291      291.000       306.10      0.03198913   -756.80301026   -756.77102113
       292      292.000       297.01      0.03103935   -756.80296841   -756.77192907
       293      293.000       314.99      0.03291745   -756.80379993   -756.77088248
       294      294.000       312.71      0.03267964   -756.80370184   -756.77102220
       295      295.000       312.97      0.03270685   -756.80373394   -756.77102710
       296      296.000       304.69      0.03184167   -756.80328170   -756.77144003
       297      297.000       319.54      0.03339342   -756.80366118   -756.77026776
       298      298.000       321.22      0.03356918   -756.80373667   -756.77016750
       299      299.000       322.21      0.03367279   -756.80392092   -756.77024812
       300      300.000       307.02      0.03208475   -756.80325496   -756.77117021
       301      301.000       297.26      0.03106462   -756.80309055   -756.77202593
       302      302.000       296.83      0.03102010   -756.80304566   -756.77202556
       303      303.000       310.89      0.03248967   -756.80362134   -756.77113166
       304      304.000       311.88      0.03259314   -756.80355065   -756.77095750
       305      305.000       298.84      0.03122973   -756.80299992   -756.77177019
       306      306.000       288.64      0.03016450   -756.80270125   -756.77253675
       307      307.000       294.59      0.03078632   -756.80276787   -756.77198156
       308      308.000       316.49      0.03307482   -756.80357020   -756.77049539
       309      309.000       314.63      0.03288055   -756.80337832   -756.77049777
       310      310.000       296.75      0.03101189   -756.80304471   -756.77203282
       311      311.000       271.91      0.02841591   -756.80220775   -756.77379185
       312      312.000       279.32      0.02918976   -756.80232362   -756.77313386
       313      313.000       288.60      0.03016057   -756.80247015   -756.77230958
       314      314.000       294.45      0.03077135   -756.80280218   -756.77203083
       315      315.000       279.31      0.02918918   -756.80207086   -756.77288168
       316      316.000       264.09      0.02759828   -756.80185417   -756.77425589
       317      317.000       256.81      0.02683755   -756.80146192   -756.77462437
       318      318.000       284.74      0.02975650   -756.80257736   -756.77282086
       319      319.000       294.82      0.03081025   -756.80255510   -756.77174485
       320      320.000       313.10      0.03272013   -756.80330209   -756.77058197
       321      321.000       293.80      0.03070314   -756.80238814   -756.77168500
       322      322.000       312.09      0.03261485   -756.80329515   -756.77068031
       323      323.000       320.25      0.03346798   -756.80320810   -756.76974011
       324      324.000       346.52      0.03621291   -756.80440281   -756.76818990
       325      325.000       334.62      0.03496932   -756.80369213   -756.76872281
       326      326.000       324.63      0.03392538   -756.80365060   -756.76972522
       327      327.000       306.68      0.03204954   -756.80301169   -756.77096216
       328      328.000       313.14      0.03272438   -756.80330020   -756.77057582
       329      329.000       319.36      0.03337479   -756.80336760   -756.76999280
       330      330.000       314.35      0.03285157   -756.80316590   -756.77031433
       331      331.000       299.77      0.03132785   -756.80267885   -756.77135101
       332      332.000       298.10      0.03115240   -756.80266550   -756.77151310
       333      333.000       304.86      0.03185896   -756.80283811   -756.77097915
       334      334.000       307.22      0.03210602   -756.80311701   -756.77101099
       335      335.000       302.55      0.03161748   -756.80290403   -756.77128655
       336      336.000       303.76      0.03174437   -756.80269676   -756.77095239
       337      337.000       314.38      0.03285411   -756.80300735   -756.77015324
       338      338.000       310.31      0.03242928   -756.80293669   -756.77050741
       339      339.000       318.73      0.03330860   -756.80331282   -756.77000421
       340      340.000       304.81      0.03185375   -756.80261612   -756.77076237
       341      341.000       304.98      0.03187202   -756.80290547   -756.77103345
       342      342.000       302.69      0.03163266   -756.80266764   -756.77103498
       343      343.000       312.50      0.03265765   -756.80314659   -756.77048894
       344      344.000       314.51      0.03286824   -756.80306213   -756.77019388
       345      345.000       294.43      0.03076904   -756.80253870   -756.77176966
       346      346.000       296.13      0.03094690   -756.80267665   -756.77172975
       347      347.000       295.62      0.03089363   -756.80245606   -756.77156243
       348      348.000       324.83      0.03394672   -756.80356158   -756.76961486
       349      349.000       336.15      0.03512980   -756.80343604   -756.76830624
       350      350.000       344.50      0.03600230   -756.80389533   -756.76789303
       351      351.000       336.16      0.03513005   -756.80336504   -756.76823499
       352      352.000       350.73      0.03665316   -756.80399536   -756.76734219
       353      353.000       376.31      0.03932591   -756.80461348   -756.76528757
       354      354.000       399.74      0.04177516   -756.80557895   -756.76380379
       355      355.000       393.30      0.04110154   -756.80524317   -756.76414163
       356      356.000       387.89      0.04053684   -756.80524989   -756.76471306
       357      357.000       392.97      0.04106678   -756.80498662   -756.76391984
       358      358.000       417.44      0.04362471   -756.80603971   -756.76241500
       359      359.000       440.81      0.04606661   -756.80658315   -756.76051654
       360      360.000       447.15      0.04672979   -756.80674839   -756.76001861
       361      361.000       439.11      0.04588858   -756.80633481   -756.76044622
       362      362.000       431.73      0.04511790   -756.80590450   -756.76078660
       363      363.000       441.37      0.04612546   -756.80637805   -756.76025259
       364      364.000       439.09      0.04588684   -756.80621260   -756.76032576
       365      365.000       449.86      0.04701228   -756.80655613   -756.75954385
       366      366.000       427.80      0.04470762   -756.80528571   -756.76057809
       367      367.000       428.27      0.04475629   -756.80549848   -756.76074219
       368      368.000       415.65      0.04343726   -756.80469959   -756.76126232
       369      369.000       428.40      0.04476949   -756.80554772   -756.76077823
       370      370.000       415.21      0.04339176   -756.80492368   -756.76153192
       371      371.000       409.42      0.04278654   -756.80530807   -756.76252154
       372      372.000       414.17      0.04328247   -756.80529658   -756.76201411
       373      373.000       438.37      0.04581204   -756.80611955   -756.76030751
       374      374.000       437.93      0.04576590   -756.80606954   -756.76030364
       375      375.000       442.45      0.04623772   -756.80627600   -756.76003827
       376      376.000       430.91      0.04503220   -756.80561459   -756.76058239
       377      377.000       442.95      0.04629004   -756.80619665   -756.75990662
       378      378.000       444.94      0.04649886   -756.80614198   -756.75964312
       379      379.000       451.71      0.04720592   -756.80695429   -756.75974837
       380      380.000       427.36      0.04466114   -756.80605801   -756.76139687
       381      381.000       416.56      0.04353295   -756.80598371   -756.76245075
       382      382.000       417.18      0.04359761   -756.80559030   -756.76199269
       383      383.000       442.53      0.04624599   -756.80665289   -756.76040690
       384      384.000       452.38      0.04727538   -756.80699106   -756.75971568
       385      385.000       435.56      0.04551775   -756.80669323   -756.76117548
       386      386.000       400.68      0.04187316   -756.80562616   -756.76375299
       387      387.000       377.19      0.03941817   -756.80497733   -756.76555917
       388      388.000       391.08      0.04086952   -756.80541272   -756.76454320
       389      389.000       410.43      0.04289224   -756.80614934   -756.76325710
       390      390.000       393.77      0.04115074   -756.80569601   -756.76454527
       391      391.000       352.88      0.03687749   -756.80472913   -756.76785164
       392      392.000       315.68      0.03299001   -756.80345763   -756.77046762
       393      393.000       328.95      0.03437706   -756.80401821   -756.76964115
       394      394.000       350.86      0.03666694   -756.80473173   -756.76806479
       395      395.000       369.78      0.03864372   -756.80548888   -756.76684516
       396      396.000       359.42      0.03756135   -756.80509208   -756.76753073
       397      397.000       340.70      0.03560454   -756.80433184   -756.76872730
       398      398.000       347.65      0.03633076   -756.80467173   -756.76834097
       399      399.000       378.84      0.03959015   -756.80556672   -756.76597656
       400      400.000       419.55      0.04384512   -756.80685749   -756.76301237
       401      401.000       434.30      0.04538674   -756.80693197   -756.76154523
       402      402.000       416.03      0.04347664   -756.80625171   -756.76277507
       403      403.000       412.30      0.04308719   -756.80592728   -756.76284009
       404      404.000       411.39      0.04299235   -756.80560681   -756.76261446
       405      405.000       419.46      0.04383535   -756.80624901   -756.76241366
       406      406.000       399.81      0.04178167   -756.80541213   -756.76363045
       407      407.000       382.13      0.03993480   -756.80500558   -756.76507078
       408      408.000       355.96      0.03719910   -756.80413656   -756.76693746
       409      409.000       348.31      0.03640005   -756.80418184   -756.76778180
       410      410.000       348.28      0.03639730   -756.80418068   -756.76778339
       411      411.000       364.50      0.03809174   -756.80461807   -756.76652633
       412      412.000       365.04      0.03814805   -756.80460549   -756.76645744
       413      413.000       371.32      0.03880477   -756.80517083   -756.76636605
       414      414.000       381.10      0.03982683   -756.80511255   -756.76528571
       415      415.000       400.34      0.04183713   -756.80574104   -756.76390391
       416      416.000       385.31      0.04026716   -756.80503460   -756.76476744
       417      417.000       387.50      0.04049608   -756.80530499   -756.76480890
       418      418.000       373.28      0.03900947   -756.80491825   -756.76590877
       419      419.000       388.42      0.04059217   -756.80549182   -756.76489966
       420      420.000       368.61      0.03852135   -756.80489669   -756.76637534
       421      421.000       351.60      0.03674372   -756.80452320   -756.76777948
       422      422.000       325.43      0.03400881   -756.80389407   -756.76988526
       423      423.000       321.09      0.03355506   -756.80387034   -756.77031529
       424      424.000       341.22      0.03565931   -756.80459045   -756.76893115
       425      425.000       343.28      0.03587411   -756.80477701   -756.76890290
       426      426.000       346.33      0.03619328   -756.80497110   -756.76877781
       427      427.000       321.77      0.03362684   -756.80392460   -756.77029776
       428      428.000       322.33      0.03368520   -756.80401127   -756.77032607
       429      429.000       314.31      0.03284715   -756.80382724   -756.77098009
       430      430.000       329.70      0.03445518   -756.80468080   -756.77022562
       431      431.000       316.50      0.03307602   -756.80415839   -756.77108237
       432      432.000       309.41      0.03233433   -756.80405083   -756.77171651
       433      433.000       279.16      0.02917404   -756.80298278   -756.77380874
       434      434.000       278.03      0.02905563   -756.80347225   -756.77441662
       435      435.000       280.32      0.02929507   -756.80313005   -756.77383498
       436      436.000       313.05      0.03271541   -756.80422572   -756.77151031
       437      437.000       303.40      0.03170624   -756.80373363   -756.77202739
       438      438.000       317.95      0.03322713   -756.80426529   -756.77103815
       439      439.000       297.99      0.03114180   -756.80338533   -756.77224353
       440      440.000       297.73      0.03111386   -756.80375483   -756.77264097
       441      441.000       299.66      0.03131577   -756.80366202   -756.77234626
       442      442.000       306.72      0.03205365   -756.80399189   -756.77193823
       443      443.000       318.00      0.03323303   -756.80431260   -756.77107957
       444      444.000       312.63      0.03267090   -756.80399781   -756.77132691
       445      445.000       299.30      0.03127780   -756.80375977   -756.77248197
       446      446.000       277.03      0.02895112   -756.80307173   -756.77412061
       447      447.000       285.23      0.02980807   -756.80344487   -756.77363681
       448      448.000       301.98      0.03155879   -756.80385986   -756.77230107
       449      449.000       317.38      0.03316805   -756.80433657   -756.77116852
       450      450.000       309.55      0.03234962   -756.80395516   -756.77160554
       451      451.000       286.48      0.02993841   -756.80323302   -756.77329461
       452      452.000       273.70      0.02860314   -756.80269666   -756.77409352
       453      453.000       286.05      0.02989382   -756.80317813   -756.77328431
       454      454.000       301.75      0.03153396   -756.80367370   -756.77213973
       455      455.000       300.16      0.03136822   -756.80390227   -756.77253405
       456      456.000       275.45      0.02878604   -756.80305575   -756.77426971
       457      457.000       258.39      0.02700305   -756.80248799   -756.77548494
       458      458.000       257.97      0.02695941   -756.80233168   -756.77537227
       459      459.000       273.91      0.02862497   -756.80254743   -756.77392246
       460      460.000       292.77      0.03059629   -756.80322531   -756.77262902
       461      461.000       274.45      0.02868108   -756.80254575   -756.77386467
       462      462.000       269.78      0.02819364   -756.80272487   -756.77453123
       463      463.000       248.13      0.02593104   -756.80169425   -756.77576321
       464      464.000       261.65      0.02734345   -756.80248294   -756.77513950
       465      465.000       253.00      0.02643957   -756.80180205   -756.77536249
       466      466.000       262.92      0.02747658   -756.80242207   -756.77494548
       467      467.000       252.97      0.02643622   -756.80199670   -756.77556048
       468      468.000       262.83      0.02746704   -756.80261388   -756.77514684
       469      469.000       259.20      0.02708781   -756.80219598   -756.77510817
       470      470.000       261.50      0.02732770   -756.80251392   -756.77518622
       471      471.000       245.07      0.02561102   -756.80181561   -756.77620460
       472      472.000       264.07      0.02759613   -756.80260266   -756.77500653
       473      473.000       273.01      0.02853099   -756.80259099   -756.77406000
       474      474.000       296.85      0.03102193   -756.80358037   -756.77255843
       475      475.000       265.04      0.02769836   -756.80244625   -756.77474789
       476      476.000       248.97      0.02601812   -756.80213850   -756.77612039
       477      477.000       236.81      0.02474801   -756.80154635   -756.77679834
       478      478.000       264.25      0.02761524   -756.80273107   -756.77511583
       479      479.000       287.22      0.03001616   -756.80361555   -756.77359939
       480      480.000       288.30      0.03012909   -756.80366094   -756.77353185
       481      481.000       260.91      0.02726604   -756.80272154   -756.77545550
       482      482.000       247.93      0.02590969   -756.80223376   -756.77632406
       483      483.000       269.98      0.02821389   -756.80288013   -756.77466624
       484      484.000       313.85      0.03279836   -756.80428705   -756.77148869
       485      485.000       327.54      0.03422966   -756.80471291   -756.77048324
       486      486.000       300.99      0.03145505   -756.80410649   -756.77265143
       487      487.000       267.11      0.02791449   -756.80283671   -756.77492222
       488      488.000       269.91      0.02820693   -756.80289769   -756.77469076
       489      489.000       292.91      0.03061054   -756.80353940   -756.77292885
       490      490.000       314.94      0.03291251   -756.80423799   -756.77132548
       491      491.000       297.37      0.03107623   -756.80360980   -756.77253357
       492      492.000       264.68      0.02766042   -756.80257284   -756.77491242
       493      493.000       248.07      0.02592429   -756.80202923   -756.77610494
       494      494.000       268.61      0.02807083   -756.80269168   -756.77462085
       495      495.000       305.39      0.03191516   -756.80381553   -756.77190037
       496      496.000       322.89      0.03374353   -756.80426010   -756.77051657
       497      497.000       313.75      0.03278810   -756.80417876   -756.77139066
       498      498.000       312.15      0.03262143   -756.80416950   -756.77154808
       499      499.000       312.51      0.03265914   -756.80412752   -756.77146838
       500      500.000       321.34      0.03358139   -756.80455632   -756.77097493
       501      501.000       314.04      0.03281881   -756.80399595   -756.77117715
       502      502.000       299.87      0.03133807   -756.80388317   -756.77254510
       503      503.000       294.09      0.03073423   -756.80352030   -756.77278607
       504      504.000       292.42      0.03055902   -756.80367264   -756.77311362
       505      505.000       287.50      0.03004507   -756.80346986   -756.77342479
       506      506.000       265.18      0.02771271   -756.80279511   -756.77508240
       507      507.000       254.67      0.02661438   -756.80248620   -756.77587182
       508      508.000       265.15      0.02770987   -756.80287620   -756.77516633
       509      509.000       278.36      0.02908956   -756.80334043   -756.77425087
       510      510.000       282.73      0.02954622   -756.80356449   -756.77401827
       511      511.000       248.25      0.02594365   -756.80227080   -756.77632715
       512      512.000       224.07      0.02341648   -756.80178274   -756.77836626
       513      513.000       217.82      0.02276311   -756.80122294   -756.77845982
       514      514.000       246.03      0.02571154   -756.80248094   -756.77676940
       515      515.000       252.60      0.02639768   -756.80246013   -756.77606245
       516      516.000       235.50      0.02461120   -756.80222850   -756.77761730
       517      517.000       209.40      0.02188367   -756.80105377   -756.77917009
       518      518.000       215.59      0.02253055   -756.80119623   -756.77866568
       519      519.000       253.03      0.02644297   -756.80223698   -756.77579401
       520      520.000       294.82      0.03081007   -756.80372318   -756.77291311
       521      521.000       298.03      0.03114554   -756.80414413   -756.77299859
       522      522.000       290.52      0.03036027   -756.80383288   -756.77347261
       523      523.000       286.33      0.02992326   -756.80356063   -756.77363737
       524      524.000       306.54      0.03203502   -756.80418117   -756.77214615
       525      525.000       336.00      0.03511310   -756.80507837   -756.76996528
       526      526.000       347.21      0.03628510   -756.80539597   -756.76911087
       527      527.000       348.71      0.03644138   -756.80536313   -756.76892175
       528      528.000       320.59      0.03350357   -756.80452674   -756.77102317
       529      529.000       330.47      0.03453543   -756.80505325   -756.77051782
       530      530.000       331.77      0.03467105   -756.80465206   -756.76998101
       531      531.000       346.87      0.03624930   -756.80563944   -756.76939014
       532      532.000       333.56      0.03485844   -756.80492024   -756.77006180
       533      533.000       354.88      0.03708657   -756.80580980   -756.76872323
       534      534.000       347.48      0.03631282   -756.80545303   -756.76914020
       535      535.000       370.67      0.03873649   -756.80622584   -756.76748935
       536      536.000       359.91      0.03761215   -756.80573813   -756.76812599
       537      537.000       357.92      0.03740487   -756.80594032   -756.76853545
       538      538.000       352.00      0.03678611   -756.80579386   -756.76900774
       539      539.000       361.99      0.03783013   -756.80627891   -756.76844878
       540      540.000       344.57      0.03600900   -756.80565973   -756.76965073
       541      541.000       313.68      0.03278129   -756.80470477   -756.77192348
       542      542.000       270.66      0.02828480   -756.80321202   -756.77492723
       543      543.000       260.93      0.02726806   -756.80297577   -756.77570771
       544      544.000       279.88      0.02924890   -756.80342164   -756.77417274
       545      545.000       287.74      0.03007020   -756.80381774   -756.77374754
       546      546.000       275.16      0.02875568   -756.80345721   -756.77470153
       547      547.000       238.17      0.02488961   -756.80217260   -756.77728300
       548      548.000       247.33      0.02584741   -756.80234770   -756.77650029
       549      549.000       274.70      0.02870707   -756.80302203   -756.77431497
       550      550.000       319.92      0.03343364   -756.80468259   -756.77124895
       551      551.000       333.18      0.03481870   -756.80469682   -756.76987812
       552      552.000       319.88      0.03342889   -756.80423052   -756.77080164
       553      553.000       294.48      0.03077496   -756.80351973   -756.77274478
       554      554.000       302.36      0.03159789   -756.80386137   -756.77226348
       555      555.000       336.70      0.03518677   -756.80510596   -756.76991918
       556      556.000       356.06      0.03720987   -756.80543336   -756.76822349
       557      557.000       347.11      0.03627460   -756.80542569   -756.76915109
       558      558.000       324.18      0.03387838   -756.80448307   -756.77060469
       559      559.000       329.04      0.03438676   -756.80487216   -756.77048540
       560      560.000       343.58      0.03590621   -756.80503281   -756.76912661
       561      561.000       371.34      0.03880712   -756.80605555   -756.76724843
       562      562.000       369.69      0.03863396   -756.80594985   -756.76731589
       563      563.000       381.94      0.03991434   -756.80645722   -756.76654288
       564      564.000       384.06      0.04013609   -756.80623040   -756.76609432
       565      565.000       400.40      0.04184358   -756.80690968   -756.76506610
       566      566.000       405.68      0.04239508   -756.80671166   -756.76431658
       567      567.000       417.15      0.04359394   -756.80722377   -756.76362983
       568      568.000       414.62      0.04332945   -756.80685665   -756.76352720
       569      569.000       420.78      0.04397304   -756.80735747   -756.76338443
       570      570.000       407.54      0.04258984   -756.80673343   -756.76414359
       571      571.000       386.29      0.04036926   -756.80642382   -756.76605457
       572      572.000       351.20      0.03670179   -756.80544290   -756.76874111
       573      573.000       341.49      0.03568757   -756.80531778   -756.76963021
       574      574.000       362.07      0.03783844   -756.80576452   -756.76792608
       575      575.000       369.91      0.03865737   -756.80598581   -756.76732844
       576      576.000       372.52      0.03893058   -756.80586774   -756.76693716
       577      577.000       352.29      0.03681578   -756.80513729   -756.76832151
       578      578.000       348.54      0.03642461   -756.80511959   -756.76869498
       579      579.000       371.20      0.03879237   -756.80589668   -756.76710431
       580      580.000       406.27      0.04245674   -756.80675747   -756.76430073
       581      581.000       409.54      0.04279932   -756.80735039   -756.76455107
       582      582.000       382.89      0.04001430   -756.80670984   -756.76669554
       583      583.000       358.65      0.03748072   -756.80615042   -756.76866970
       584      584.000       347.83      0.03635029   -756.80581068   -756.76946039
       585      585.000       364.85      0.03812848   -756.80643420   -756.76830572
       586      586.000       373.14      0.03899485   -756.80677345   -756.76777860
       587      587.000       363.48      0.03798537   -756.80652430   -756.76853893
       588      588.000       347.32      0.03629711   -756.80599916   -756.76970205
       589      589.000       342.23      0.03576432   -756.80566292   -756.76989860
       590      590.000       352.97      0.03688725   -756.80607216   -756.76918492
       591      591.000       371.55      0.03882911   -756.80664511   -756.76781600
       592      592.000       376.20      0.03931472   -756.80702064   -756.76770592
       593      593.000       373.23      0.03900434   -756.80695780   -756.76795346
       594      594.000       357.17      0.03732580   -756.80653951   -756.76921372
       595      595.000       342.43      0.03578561   -756.80613956   -756.77035395
       596      596.000       340.44      0.03557718   -756.80598090   -756.77040372
       597      597.000       332.89      0.03478893   -756.80555715   -756.77076822
       598      598.000       329.01      0.03438283   -756.80569814   -756.77131531
       599      599.000       311.47      0.03255014   -756.80488618   -756.77233604
       600      600.000       303.42      0.03170918   -756.80489799   -756.77318880
       601      601.000       273.27      0.02855759   -756.80383172   -756.77527413
       602      602.000       278.00      0.02905255   -756.80417981   -756.77512725
       603      603.000       283.05      0.02957979   -756.80423374   -756.77465396
       604      604.000       311.83      0.03258740   -756.80521968   -756.77263229
       605      605.000       318.68      0.03330365   -756.80533306   -756.77202941
       606      606.000       323.07      0.03376284   -756.80547440   -756.77171157
       607      607.000       309.37      0.03233019   -756.80513887   -756.77280867
       608      608.000       313.99      0.03281395   -756.80529906   -756.77248512
       609      609.000       333.18      0.03481848   -756.80580735   -756.77098887
       610      610.000       352.25      0.03681194   -756.80630333   -756.76949139
       611      611.000       343.24      0.03586978   -756.80602913   -756.77015935
       612      612.000       314.28      0.03284328   -756.80533807   -756.77249480
       613      613.000       291.00      0.03041089   -756.80480697   -756.77439609
       614      614.000       279.54      0.02921376   -756.80462483   -756.77541107
       615      615.000       299.43      0.03129171   -756.80523843   -756.77394673
       616      616.000       308.74      0.03226488   -756.80550209   -756.77323722
       617      617.000       314.24      0.03283954   -756.80565006   -756.77281052
       618      618.000       303.26      0.03169235   -756.80531203   -756.77361968
       619      619.000       314.26      0.03284205   -756.80580707   -756.77296502
       620      620.000       336.87      0.03520482   -756.80652865   -756.77132383
       621      621.000       367.28      0.03838290   -756.80720484   -756.76882195
       622      622.000       379.85      0.03969625   -756.80746356   -756.76776731
       623      623.000       375.63      0.03925509   -756.80710258   -756.76784749
       624      624.000       373.60      0.03904342   -756.80695205   -756.76790863
       625      625.000       356.97      0.03730478   -756.80626541   -756.76896063
       626      626.000       352.10      0.03679625   -756.80627813   -756.76948188
       627      627.000       322.60      0.03371313   -756.80522571   -756.77151258
       628      628.000       318.80      0.03331653   -756.80535861   -756.77204208
       629      629.000       300.85      0.03143992   -756.80451437   -756.77307444
       630      630.000       313.87      0.03280068   -756.80499570   -756.77219502
       631      631.000       292.72      0.03059110   -756.80407786   -756.77348676
       632      632.000       290.85      0.03039541   -756.80434039   -756.77394499
       633      633.000       290.93      0.03040342   -756.80420571   -756.77380228
       634      634.000       324.77      0.03394009   -756.80541342   -756.77147334
       635      635.000       339.71      0.03550161   -756.80566173   -756.77016012
       636      636.000       333.63      0.03486569   -756.80551930   -756.77065361
       637      637.000       294.16      0.03074118   -756.80429672   -756.77355554
       638      638.000       275.36      0.02877686   -756.80387234   -756.77509548
       639      639.000       268.06      0.02801374   -756.80381991   -756.77580618
       640      640.000       280.86      0.02935149   -756.80429764   -756.77494614
       641      641.000       280.22      0.02928482   -756.80416001   -756.77487519
       642      642.000       244.66      0.02556771   -756.80306216   -756.77749446
       643      643.000       226.60      0.02368117   -756.80257806   -756.77889689
       644      644.000       222.50      0.02325207   -756.80222822   -756.77897615
       645      645.000       264.61      0.02765337   -756.80386484   -756.77621147
       646      646.000       284.93      0.02977703   -756.80449817   -756.77472114
       647      647.000       307.91      0.03217827   -756.80529626   -756.77311799
       648      648.000       289.00      0.03020239   -756.80447841   -756.77427602
       649      649.000       293.82      0.03070571   -756.80465164   -756.77394593
       650      650.000       309.06      0.03229817   -756.80501144   -756.77271327
       651      651.000       320.80      0.03352539   -756.80575590   -756.77223051
       652      652.000       321.38      0.03358539   -756.80569040   -756.77210501
       653      653.000       305.77      0.03195432   -756.80532843   -756.77337411
       654      654.000       284.15      0.02969526   -756.80444595   -756.77475070
       655      655.000       271.69      0.02839239   -756.80414445   -756.77575206
       656      656.000       270.46      0.02826410   -756.80401621   -756.77575211
       657      657.000       276.53      0.02889848   -756.80431050   -756.77541202
       658      658.000       275.13      0.02875236   -756.80435897   -756.77560660
       659      659.000       284.22      0.02970243   -756.80454296   -756.77484053
       660      660.000       291.25      0.03043667   -756.80452968   -756.77409301
       661      661.000       287.64      0.03005925   -756.80433797   -756.77427872
       662      662.000       278.80      0.02913620   -756.80411490   -756.77497870
       663      663.000       280.65      0.02932971   -756.80408557   -756.77475585
       664      664.000       280.17      0.02927934   -756.80410617   -756.77482684
       665      665.000       274.99      0.02873816   -756.80402998   -756.77529183
       666      666.000       246.23      0.02573233   -756.80300300   -756.77727067
       667      667.000       223.26      0.02333153   -756.80242056   -756.77908903
       668      668.000       189.51      0.01980441   -756.80123307   -756.78142865
       669      669.000       200.87      0.02099184   -756.80190271   -756.78091086
       670      670.000       207.69      0.02170466   -756.80190859   -756.78020393
       671      671.000       229.90      0.02402605   -756.80285630   -756.77883024
       672      672.000       220.68      0.02306223   -756.80245305   -756.77939082
       673      673.000       229.47      0.02398118   -756.80281035   -756.77882917
       674      674.000       241.97      0.02528681   -756.80320810   -756.77792128
       675      675.000       280.07      0.02926903   -756.80450816   -756.77523913
       676      676.000       317.47      0.03317677   -756.80576950   -756.77259273
       677      677.000       341.39      0.03567691   -756.80642183   -756.77074492
       678      678.000       348.69      0.03644003   -756.80660032   -756.77016030
       679      679.000       350.27      0.03660535   -756.80642358   -756.76981823
       680      680.000       367.94      0.03845195   -756.80703571   -756.76858376
       681      681.000       384.66      0.04019853   -756.80753124   -756.76733270
       682      682.000       415.18      0.04338869   -756.80833840   -756.76494971
       683      683.000       414.30      0.04329604   -756.80824854   -756.76495250
       684      684.000       416.13      0.04348734   -756.80831955   -756.76483221
       685      685.000       401.19      0.04192667   -756.80785370   -756.76592704
       686      686.000       397.28      0.04151810   -756.80784652   -756.76632842
       687      687.000       402.73      0.04208734   -756.80782707   -756.76573972
       688      688.000       423.73      0.04428177   -756.80843015   -756.76414838
       689      689.000       436.00      0.04556419   -756.80866062   -756.76309643
       690      690.000       429.39      0.04487298   -756.80837814   -756.76350516
       691      691.000       400.22      0.04182463   -756.80770468   -756.76588005
       692      692.000       371.62      0.03883598   -756.80687810   -756.76804212
       693      693.000       379.03      0.03961087   -756.80716093   -756.76755007
       694      694.000       377.59      0.03946033   -756.80710398   -756.76764365
       695      695.000       382.15      0.03993613   -756.80742578   -756.76748965
       696      696.000       342.53      0.03579626   -756.80586689   -756.77007063
       697      697.000       312.67      0.03267535   -756.80520700   -756.77253164
       698      698.000       284.60      0.02974207   -756.80410922   -756.77436715
       699      699.000       304.98      0.03187148   -756.80498908   -756.77311759
       700      700.000       322.89      0.03374357   -756.80553360   -756.77179003
       701      701.000       329.69      0.03445399   -756.80571164   -756.77125765
       702      702.000       311.73      0.03257741   -756.80530919   -756.77273179
       703      703.000       289.03      0.03020518   -756.80453178   -756.77432660
       704      704.000       311.92      0.03259663   -756.80543126   -756.77283463
       705      705.000       327.44      0.03421894   -756.80608594   -756.77186699
       706      706.000       354.89      0.03708806   -756.80724396   -756.77015589
       707      707.000       354.25      0.03702085   -756.80692373   -756.76990288
       708      708.000       350.99      0.03668006   -756.80688297   -756.77020292
       709      709.000       333.34      0.03483536   -756.80628805   -756.77145269
       710      710.000       352.46      0.03683365   -756.80702039   -756.77018674
       711      711.000       356.15      0.03721943   -756.80667967   -756.76946024
       712      712.000       355.78      0.03718116   -756.80697494   -756.76979377
       713      713.000       331.59      0.03465309   -756.80574777   -756.77109468
       714      714.000       334.22      0.03492778   -756.80620348   -756.77127570
       715      715.000       322.69      0.03372294   -756.80553724   -756.77181430
       716      716.000       333.23      0.03482432   -756.80603512   -756.77121080
       717      717.000       326.76      0.03414789   -756.80563057   -756.77148268
       718      718.000       342.56      0.03579946   -756.80630568   -756.77050622
       719      719.000       360.18      0.03764016   -756.80700389   -756.76936373
       720      720.000       376.64      0.03936070   -756.80753989   -756.76817920
       721      721.000       375.73      0.03926595   -756.80761181   -756.76834586
       722      722.000       345.69      0.03612623   -756.80659398   -756.77046775
       723      723.000       331.71      0.03466505   -756.80636109   -756.77169604
       724      724.000       343.22      0.03586803   -756.80669025   -756.77082222
       725      725.000       363.77      0.03801548   -756.80735327   -756.76933779
       726      726.000       347.30      0.03629409   -756.80683016   -756.77053607
       727      727.000       308.94      0.03228614   -756.80538553   -756.77309938
       728      728.000       280.50      0.02931378   -756.80452540   -756.77521162
       729      729.000       290.65      0.03037387   -756.80486305   -756.77448918
       730      730.000       344.09      0.03595955   -756.80645298   -756.77049343
       731      731.000       362.31      0.03786312   -756.80709567   -756.76923255
       732      732.000       352.80      0.03686951   -756.80691714   -756.77004764
       733      733.000       321.86      0.03363578   -756.80578674   -756.77215097
       734      734.000       323.60      0.03381788   -756.80615547   -756.77233759
       735      735.000       358.27      0.03744121   -756.80711383   -756.76967262
       736      736.000       385.55      0.04029155   -756.80817596   -756.76788441
       737      737.000       365.87      0.03823475   -756.80739035   -756.76915560
       738      738.000       316.09      0.03303256   -756.80595616   -756.77292360
       739      739.000       268.86      0.02809688   -756.80430058   -756.77620370
       740      740.000       271.87      0.02841168   -756.80454531   -756.77613363
       741      741.000       271.59      0.02838261   -756.80444017   -756.77605756
       742      742.000       270.53      0.02827177   -756.80462890   -756.77635712
       743      743.000       245.59      0.02566499   -756.80362473   -756.77795975
       744      744.000       242.55      0.02534792   -756.80368491   -756.77833699
       745      745.000       264.28      0.02761830   -756.80429799   -756.77667969
       746      746.000       303.66      0.03173409   -756.80549074   -756.77375665
       747      747.000       340.84      0.03561985   -756.80643882   -756.77081897
       748      748.000       356.42      0.03724802   -756.80668734   -756.76943933
       749      749.000       373.98      0.03908225   -756.80716415   -756.76808190
       750      750.000       370.80      0.03875031   -756.80711765   -756.76836734
       751      751.000       368.36      0.03849564   -756.80716531   -756.76866967
       752      752.000       335.10      0.03501983   -756.80620688   -756.77118706
       753      753.000       296.15      0.03094898   -756.80506054   -756.77411156
       754      754.000       290.96      0.03040696   -756.80483371   -756.77442676
       755      755.000       293.51      0.03067295   -756.80485113   -756.77417818
       756      756.000       303.30      0.03169599   -756.80528456   -756.77358857
       757      757.000       283.34      0.02960996   -756.80455134   -756.77494138
       758      758.000       281.92      0.02946197   -756.80437649   -756.77491452
       759      759.000       300.34      0.03138748   -756.80478692   -756.77339945
       760      760.000       353.59      0.03695227   -756.80655392   -756.76960165
       761      761.000       400.94      0.04190005   -756.80783047   -756.76593042
       762      762.000       404.44      0.04226582   -756.80786930   -756.76560348
       763      763.000       368.57      0.03851726   -756.80652031   -756.76800305
       764      764.000       341.57      0.03569550   -756.80587289   -756.77017739
       765      765.000       325.96      0.03406483   -756.80556938   -756.77150455
       766      766.000       326.54      0.03412490   -756.80595469   -756.77182979
       767      767.000       289.72      0.03027688   -756.80487472   -756.77459783
       768      768.000       235.08      0.02456743   -756.80343331   -756.77886588
       769      769.000       186.28      0.01946666   -756.80176480   -756.78229814
       770      770.000       183.46      0.01917199   -756.80165994   -756.78248795
       771      771.000       217.15      0.02269309   -756.80277916   -756.78008607
       772      772.000       237.62      0.02483194   -756.80335610   -756.77852416
       773      773.000       256.26      0.02678046   -756.80419586   -756.77741540
       774      774.000       246.32      0.02574147   -756.80359663   -756.77785516
       775      775.000       276.88      0.02893540   -756.80474469   -756.77580929
       776      776.000       282.78      0.02955183   -756.80473751   -756.77518568
       777      777.000       304.88      0.03186093   -756.80561831   -756.77375738
       778      778.000       285.45      0.02983084   -756.80463997   -756.77480914
       779      779.000       283.08      0.02958370   -756.80480059   -756.77521689
       780      780.000       268.26      0.02803450   -756.80416873   -756.77613423
       781      781.000       259.48      0.02711704   -756.80438052   -756.77726349
       782      782.000       241.05      0.02519111   -756.80366560   -756.77847449
       783      783.000       234.80      0.02453787   -756.80360511   -756.77906724
       784      784.000       246.74      0.02578578   -756.80395239   -756.77816661
       785      785.000       284.60      0.02974206   -756.80520132   -756.77545925
       786      786.000       313.10      0.03272063   -756.80617362   -756.77345299
       787      787.000       317.42      0.03317159   -756.80631903   -756.77314744
       788      788.000       306.99      0.03208161   -756.80598052   -756.77389891
       789      789.000       310.56      0.03245475   -756.80605636   -756.77360161
       790      790.000       331.46      0.03463941   -756.80692832   -756.77228891
       791      791.000       340.84      0.03561956   -756.80716959   -756.77155002
       792      792.000       325.83      0.03405081   -756.80662296   -756.77257216
       793      793.000       250.54      0.02618309   -756.80420056   -756.77801746
       794      794.000       204.31      0.02135121   -756.80298573   -756.78163451
       795      795.000       190.41      0.01989828   -756.80237882   -756.78248054
       796      796.000       221.33      0.02312973   -756.80346208   -756.78033236
       797      797.000       229.55      0.02398917   -756.80354073   -756.77955156
       798      798.000       215.21      0.02249015   -756.80306819   -756.78057804
       799      799.000       205.89      0.02151640   -756.80275305   -756.78123664
       800      800.000       225.58      0.02357396   -756.80326154   -756.77968758
       801      801.000       287.45      0.03004005   -756.80529283   -756.77525278
       802      802.000       315.52      0.03297366   -756.80573498   -756.77276132
       803      803.000       323.24      0.03378062   -756.80625301   -756.77247238
       804      804.000       281.48      0.02941554   -756.80472713   -756.77531159
       805      805.000       277.69      0.02901950   -756.80506208   -756.77604257
       806      806.000       273.74      0.02860674   -756.80475009   -756.77614335
       807      807.000       287.55      0.03005027   -756.80537946   -756.77532919
       808      808.000       271.52      0.02837466   -756.80444108   -756.77606642
       809      809.000       271.03      0.02832396   -756.80447329   -756.77614933
       810      810.000       271.87      0.02841223   -756.80419284   -756.77578061
       811      811.000       306.93      0.03207614   -756.80542439   -756.77334825
       812      812.000       318.02      0.03323470   -756.80548215   -756.77224745
       813      813.000       326.87      0.03415992   -756.80601157   -756.77185165
       814      814.000       335.92      0.03510522   -756.80587380   -756.77076858
       815      815.000       367.03      0.03835674   -756.80708327   -756.76872653
       816      816.000       391.08      0.04086966   -756.80771933   -756.76684968
       817      817.000       398.06      0.04159907   -756.80784396   -756.76624489
       818      818.000       372.98      0.03897804   -756.80683303   -756.76785500
       819      819.000       334.54      0.03496052   -756.80587170   -756.77091118
       820      820.000       346.93      0.03625589   -756.80611587   -756.76985997
       821      821.000       358.00      0.03741286   -756.80639498   -756.76898212
       822      822.000       363.49      0.03798600   -756.80661711   -756.76863111
       823      823.000       322.37      0.03368918   -756.80523896   -756.77154978
       824      824.000       297.01      0.03103896   -756.80430132   -756.77326235
       825      825.000       295.59      0.03089053   -756.80436212   -756.77347159
       826      826.000       338.82      0.03540821   -756.80556244   -756.77015424
       827      827.000       373.05      0.03898516   -756.80696519   -756.76798003
       828      828.000       375.83      0.03927612   -756.80677598   -756.76749985
       829      829.000       366.84      0.03833704   -756.80628921   -756.76795217
       830      830.000       354.44      0.03704024   -756.80583328   -756.76879305
       831      831.000       381.16      0.03983275   -756.80677345   -756.76694070
       832      832.000       409.62      0.04280754   -756.80741022   -756.76460268
       833      833.000       402.84      0.04209877   -756.80731678   -756.76521801
       834      834.000       371.50      0.03882392   -756.80627509   -756.76745116
       835      835.000       344.97      0.03605080   -756.80534992   -756.76929912
       836      836.000       322.15      0.03366673   -756.80489217   -756.77122544
       837      837.000       319.23      0.03336128   -756.80473621   -756.77137493
       838      838.000       311.26      0.03252776   -756.80450017   -756.77197241
       839      839.000       306.76      0.03205749   -756.80438935   -756.77233187
       840      840.000       300.36      0.03138893   -756.80420651   -756.77281758
       841      841.000       298.57      0.03120184   -756.80427191   -756.77307008
       842      842.000       293.64      0.03068674   -756.80426203   -756.77357529
       843      843.000       299.20      0.03126760   -756.80446183   -756.77319423
       844      844.000       319.39      0.03337757   -756.80513168   -756.77175411
       845      845.000       343.57      0.03590459   -756.80606354   -756.77015895
       846      846.000       372.81      0.03896049   -756.80701356   -756.76805307
       847      847.000       367.25      0.03837973   -756.80693761   -756.76855789
       848      848.000       361.04      0.03773041   -756.80661104   -756.76888064
       849      849.000       360.65      0.03768970   -756.80657337   -756.76888366
       850      850.000       386.65      0.04040632   -756.80742171   -756.76701539
       851      851.000       411.99      0.04305517   -756.80839090   -756.76533574
       852      852.000       421.45      0.04404314   -756.80828387   -756.76424073
       853      853.000       394.82      0.04126055   -756.80754862   -756.76628807
       854      854.000       354.72      0.03707032   -756.80628746   -756.76921714
       855      855.000       373.48      0.03903063   -756.80714789   -756.76811726
       856      856.000       403.60      0.04217769   -756.80778312   -756.76560543
       857      857.000       429.38      0.04487240   -756.80870769   -756.76383529
       858      858.000       402.32      0.04204454   -756.80768239   -756.76563785
       859      859.000       381.58      0.03987673   -756.80709480   -756.76721806
       860      860.000       379.13      0.03962053   -756.80693863   -756.76731810
       861      861.000       399.82      0.04178346   -756.80764377   -756.76586031
       862      862.000       417.93      0.04367552   -756.80852219   -756.76484666
       863      863.000       395.79      0.04136163   -756.80801282   -756.76665119
       864      864.000       368.92      0.03855370   -756.80737062   -756.76881692
       865      865.000       353.21      0.03691173   -756.80654929   -756.76963756
       866      866.000       361.72      0.03780190   -756.80691592   -756.76911402
       867      867.000       364.08      0.03804831   -756.80661823   -756.76856992
       868      868.000       357.41      0.03735091   -756.80656387   -756.76921296
       869      869.000       338.52      0.03537737   -756.80567939   -756.77030203
       870      870.000       351.34      0.03671646   -756.80622886   -756.76951240
       871      871.000       343.43      0.03589003   -756.80582172   -756.76993169
       872      872.000       358.85      0.03750194   -756.80671573   -756.76921379
       873      873.000       326.59      0.03413003   -756.80538703   -756.77125700
       874      874.000       339.52      0.03548122   -756.80605447   -756.77057325
       875      875.000       332.38      0.03473482   -756.80560762   -756.77087280
       876      876.000       355.16      0.03711608   -756.80681789   -756.76970181
       877      877.000       330.49      0.03453776   -756.80588712   -756.77134935
       878      878.000       298.86      0.03123214   -756.80512933   -756.77389720
       879      879.000       264.56      0.02764776   -756.80384157   -756.77619381
       880      880.000       262.98      0.02748240   -756.80388555   -756.77640315
       881      881.000       288.21      0.03011950   -756.80468939   -756.77456989
       882      882.000       294.92      0.03082064   -756.80489364   -756.77407300
       883      883.000       277.37      0.02898647   -756.80433429   -756.77534783
       884      884.000       244.58      0.02555970   -756.80309791   -756.77753821
       885      885.000       254.42      0.02658855   -756.80344771   -756.77685916
       886      886.000       292.40      0.03055736   -756.80453294   -756.77397558
       887      887.000       344.03      0.03595320   -756.80613830   -756.77018510
       888      888.000       340.27      0.03556015   -756.80584825   -756.77028810
       889      889.000       309.98      0.03239428   -756.80502482   -756.77263054
       890      890.000       286.79      0.02997137   -756.80395446   -756.77398308
       891      891.000       299.23      0.03127073   -756.80454594   -756.77327521
       892      892.000       314.70      0.03288795   -756.80511163   -756.77222369
       893      893.000       320.48      0.03349221   -756.80529577   -756.77180356
       894      894.000       294.99      0.03082763   -756.80422733   -756.77339970
       895      895.000       263.25      0.02751092   -756.80312745   -756.77561653
       896      896.000       268.99      0.02811095   -756.80336399   -756.77525303
       897      897.000       296.00      0.03093335   -756.80406832   -756.77313498
       898      898.000       331.72      0.03466606   -756.80537571   -756.77070965
       899      899.000       339.34      0.03546250   -756.80527169   -756.76980919
       900      900.000       358.34      0.03744821   -756.80616532   -756.76871711
       901      901.000       360.00      0.03762178   -756.80586206   -756.76824028
       902      902.000       375.49      0.03924096   -756.80698387   -756.76774291
       903      903.000       370.94      0.03876459   -756.80658238   -756.76781779
       904      904.000       383.17      0.04004270   -756.80713797   -756.76709527
       905      905.000       352.06      0.03679224   -756.80634988   -756.76955763
       906      906.000       346.34      0.03619452   -756.80645000   -756.77025549
       907      907.000       316.76      0.03310269   -756.80558424   -756.77248155
       908      908.000       293.54      0.03067638   -756.80499710   -756.77432072
       909      909.000       264.49      0.02764093   -756.80409251   -756.77645158
       910      910.000       254.88      0.02663612   -756.80402567   -756.77738955
       911      911.000       264.86      0.02767947   -756.80428526   -756.77660580
       912      912.000       274.75      0.02871311   -756.80457359   -756.77586048
       913      913.000       270.45      0.02826358   -756.80458060   -756.77631703
       914      914.000       266.32      0.02783217   -756.80442293   -756.77659076
       915      915.000       268.40      0.02804909   -756.80449639   -756.77644729
       916      916.000       278.93      0.02914979   -756.80495112   -756.77580133
       917      917.000       294.06      0.03073117   -756.80560842   -756.77487726
       918      918.000       293.88      0.03071152   -756.80548548   -756.77477396
       919      919.000       279.97      0.02925834   -756.80483760   -756.77557927
       920      920.000       239.73      0.02505276   -756.80348343   -756.77843067
       921      921.000       231.20      0.02416101   -756.80322769   -756.77906668
       922      922.000       225.53      0.02356875   -756.80317957   -756.77961082
       923      923.000       236.41      0.02470634   -756.80349236   -756.77878602
       924      924.000       234.59      0.02451569   -756.80338799   -756.77887230
       925      925.000       226.02      0.02362008   -756.80305049   -756.77943041
       926      926.000       224.66      0.02347759   -756.80302582   -756.77954823
       927      927.000       233.07      0.02435680   -756.80346958   -756.77911278
       928      928.000       258.01      0.02696362   -756.80424307   -756.77727945
       929      929.000       292.48      0.03056568   -756.80524730   -756.77468162
       930      930.000       301.12      0.03146871   -756.80529234   -756.77382363
       931      931.000       293.90      0.03071400   -756.80524947   -756.77453548
       932      932.000       260.97      0.02727310   -756.80415570   -756.77688259
       933      933.000       255.94      0.02674663   -756.80408203   -756.77733540
       934      934.000       258.13      0.02697542   -756.80399767   -756.77702225
       935      935.000       277.05      0.02895311   -756.80475685   -756.77580374
       936      936.000       270.56      0.02827459   -756.80446176   -756.77618717
       937      937.000       263.27      0.02751337   -756.80425838   -756.77674501
       938      938.000       250.03      0.02612967   -756.80344239   -756.77731272
       939      939.000       276.51      0.02889671   -756.80427780   -756.77538109
       940      940.000       302.82      0.03164663   -756.80505857   -756.77341195
       941      941.000       347.21      0.03628471   -756.80647583   -756.77019113
       942      942.000       337.21      0.03523999   -756.80597288   -756.77073289
       943      943.000       315.17      0.03293649   -756.80553900   -756.77260251
       944      944.000       283.59      0.02963653   -756.80457931   -756.77494278
       945      945.000       288.63      0.03016280   -756.80478735   -756.77462455
       946      946.000       293.14      0.03063425   -756.80507603   -756.77444178
       947      947.000       276.83      0.02893047   -756.80458509   -756.77565462
       948      948.000       240.93      0.02517790   -756.80370345   -756.77852555
       949      949.000       209.08      0.02184969   -756.80263133   -756.78078164
       950      950.000       216.17      0.02259101   -756.80297623   -756.78038522
       951      951.000       244.01      0.02549992   -756.80385906   -756.77835914
       952      952.000       277.21      0.02897019   -756.80497358   -756.77600340
       953      953.000       293.50      0.03067205   -756.80537172   -756.77469967
       954      954.000       310.19      0.03241656   -756.80579908   -756.77338252
       955      955.000       329.26      0.03440943   -756.80629310   -756.77188367
       956      956.000       365.29      0.03817415   -756.80736129   -756.76918714
       957      957.000       384.40      0.04017115   -756.80783825   -756.76766710
       958      958.000       380.49      0.03976353   -756.80762429   -756.76786076
       959      959.000       357.97      0.03740915   -756.80717404   -756.76976489
       960      960.000       359.55      0.03757473   -756.80713104   -756.76955631
       961      961.000       372.00      0.03887592   -756.80760249   -756.76872657
       962      962.000       356.43      0.03724815   -756.80697820   -756.76973005
       963      963.000       330.03      0.03448930   -756.80638366   -756.77189436
       964      964.000       300.64      0.03141833   -756.80544801   -756.77402968
       965      965.000       325.08      0.03397245   -756.80644976   -756.77247731
       966      966.000       347.61      0.03632639   -756.80692279   -756.77059640
       967      967.000       367.43      0.03839804   -756.80777958   -756.76938154
       968      968.000       342.26      0.03576738   -756.80653103   -756.77076365
       969      969.000       325.60      0.03402690   -756.80609901   -756.77207211
       970      970.000       311.96      0.03260106   -756.80561347   -756.77301241
       971      971.000       345.98      0.03615702   -756.80681151   -756.77065449
       972      972.000       348.82      0.03645295   -756.80680335   -756.77035040
       973      973.000       324.86      0.03394951   -756.80618407   -756.77223456
       974      974.000       270.77      0.02829660   -756.80470789   -756.77641130
       975      975.000       264.39      0.02762960   -756.80444925   -756.77681965
       976      976.000       307.94      0.03218068   -756.80585175   -756.77367107
       977      977.000       348.15      0.03638326   -756.80699397   -756.77061071
       978      978.000       369.99      0.03866529   -756.80767731   -756.76901202
       979      979.000       334.16      0.03492177   -756.80653359   -756.77161182
       980      980.000       330.36      0.03452421   -756.80672884   -756.77220463
       981      981.000       350.69      0.03664917   -756.80710342   -756.77045425
       982      982.000       393.31      0.04110311   -756.80881984   -756.76771673
       983      983.000       400.71      0.04187658   -756.80871642   -756.76683983
       984      984.000       386.63      0.04040456   -756.80850232   -756.76809776
       985      985.000       356.38      0.03724296   -756.80721837   -756.76997541
       986      986.000       368.44      0.03850356   -756.80788931   -756.76938575
       987      987.000       362.24      0.03785532   -756.80780684   -756.76995152
       988      988.000       381.39      0.03985663   -756.80877039   -756.76891376
       989      989.000       360.77      0.03770189   -756.80790725   -756.77020536
       990      990.000       365.37      0.03818287   -756.80821048   -756.77002761
       991      991.000       359.65      0.03758548   -756.80802095   -756.77043547
       992      992.000       369.64      0.03862953   -756.80851388   -756.76988435
       993      993.000       367.71      0.03842788   -756.80821637   -756.76978849
       994      994.000       345.52      0.03610900   -756.80759481   -756.77148581
       995      995.000       344.43      0.03599426   -756.80743303   -756.77143878
       996      996.000       346.75      0.03623654   -756.80733641   -756.77109987
       997      997.000       345.11      0.03606601   -756.80730256   -756.77123654
       998      998.000       319.57      0.03339654   -756.80676949   -756.77337295
       999      999.000       290.48      0.03035681   -756.80582687   -756.77547006
      1000     1000.000       283.85      0.02966338   -756.80579708   -756.77613370
