# MD Simulation - NVT Ensemble
# Timestep: 0.1 fs
#     Step     Time(fs)      Temp(K)          KE(Ha)          PE(Ha)          TE(Ha)
         1        0.100       331.99      0.03469498   -756.73207505   -756.69738007
         2        0.200       335.22      0.03503158   -756.73204834   -756.69701676
         3        0.300       331.69      0.03466293   -756.73196244   -756.69729951
         4        0.400       326.87      0.03415936   -756.73182338   -756.69766402
         5        0.500       321.63      0.03361154   -756.73163994   -756.69802840
         6        0.600       308.72      0.03226271   -756.73142398   -756.69916127
         7        0.700       299.72      0.03132178   -756.73119264   -756.69987086
         8        0.800       290.60      0.03036900   -756.73096038   -756.70059138
         9        0.900       278.89      0.02914497   -756.73074183   -756.70159686
        10        1.000       277.98      0.02905042   -756.73055282   -756.70150240
        11        1.100       273.44      0.02857604   -756.73040072   -756.70182468
        12        1.200       270.96      0.02831634   -756.73029600   -756.70197966
        13        1.300       268.10      0.02801767   -756.73024413   -756.70222646
        14        1.400       268.12      0.02801940   -756.73024826   -756.70222886
        15        1.500       266.50      0.02785066   -756.73030770   -756.70245704
        16        1.600       271.44      0.02836637   -756.73041884   -756.70205246
        17        1.700       276.79      0.02892618   -756.73057494   -756.70164876
        18        1.800       288.10      0.03010832   -756.73076699   -756.70065867
        19        1.900       299.22      0.03126983   -756.73098481   -756.69971498
        20        2.000       305.91      0.03196927   -756.73121514   -756.69924587
        21        2.100       309.82      0.03237750   -756.73144375   -756.69906624
        22        2.200       320.83      0.03352876   -756.73165859   -756.69812982
        23        2.300       325.00      0.03396399   -756.73185061   -756.69788662
        24        2.400       329.09      0.03439127   -756.73200895   -756.69761768
        25        2.500       333.65      0.03486771   -756.73212723   -756.69725952
        26        2.600       342.11      0.03575161   -756.73220083   -756.69644922
        27        2.700       346.05      0.03616396   -756.73222719   -756.69606322
        28        2.800       337.44      0.03526381   -756.73220518   -756.69694137
        29        2.900       336.53      0.03516911   -756.73213936   -756.69697025
        30        3.000       331.92      0.03468707   -756.73203646   -756.69734939
        31        3.100       325.62      0.03402932   -756.73190476   -756.69787544
        32        3.200       327.14      0.03418717   -756.73175542   -756.69756825
        33        3.300       321.40      0.03358792   -756.73159694   -756.69800902
        34        3.400       315.88      0.03301097   -756.73144284   -756.69843187
        35        3.500       310.50      0.03244827   -756.73130573   -756.69885747
        36        3.600       306.97      0.03207986   -756.73119761   -756.69911776
        37        3.700       306.07      0.03198540   -756.73112780   -756.69914240
        38        3.800       301.74      0.03153337   -756.73110432   -756.69957095
        39        3.900       298.97      0.03124428   -756.73113155   -756.69988728
        40        4.000       299.28      0.03127641   -756.73121030   -756.69993389
        41        4.100       300.64      0.03141800   -756.73133742   -756.69991942
        42        4.200       309.85      0.03238053   -756.73150547   -756.69912494
        43        4.300       322.65      0.03371850   -756.73170425   -756.69798576
        44        4.400       327.28      0.03420285   -756.73191958   -756.69771673
        45        4.500       336.51      0.03516739   -756.73213288   -756.69696549
        46        4.600       349.96      0.03657280   -756.73232900   -756.69575619
        47        4.700       359.71      0.03759137   -756.73249309   -756.69490171
        48        4.800       362.18      0.03784920   -756.73260937   -756.69476017
        49        4.900       367.52      0.03840808   -756.73266720   -756.69425912
        50        5.000       372.78      0.03895686   -756.73266072   -756.69370386
        51        5.100       367.07      0.03836075   -756.73258736   -756.69422661
        52        5.200       359.66      0.03758646   -756.73245138   -756.69486492
        53        5.300       352.58      0.03684600   -756.73226174   -756.69541574
        54        5.400       343.62      0.03591012   -756.73202970   -756.69611958
        55        5.500       337.54      0.03527467   -756.73177003   -756.69649537
        56        5.600       336.33      0.03514840   -756.73149632   -756.69634792
        57        5.700       333.69      0.03487190   -756.73122067   -756.69634878
        58        5.800       324.07      0.03386739   -756.73095877   -756.69709138
        59        5.900       310.33      0.03243094   -756.73072750   -756.69829656
        60        6.000       301.25      0.03148213   -756.73054241   -756.69906028
        61        6.100       294.28      0.03075364   -756.73041218   -756.69965854
        62        6.200       295.47      0.03087752   -756.73034307   -756.69946555
        63        6.300       304.97      0.03187118   -756.73033595   -756.69846477
        64        6.400       311.26      0.03252789   -756.73038915   -756.69786126
        65        6.500       307.99      0.03218636   -756.73049713   -756.69831077
        66        6.600       312.79      0.03268823   -756.73065123   -756.69796300
        67        6.700       323.43      0.03380000   -756.73084238   -756.69704238
        68        6.800       334.15      0.03491979   -756.73105914   -756.69613936
        69        6.900       344.01      0.03595021   -756.73128705   -756.69533684
        70        7.000       351.81      0.03676569   -756.73151153   -756.69474584
        71        7.100       357.19      0.03732801   -756.73171792   -756.69438991
        72        7.200       359.37      0.03755542   -756.73189389   -756.69433847
        73        7.300       364.07      0.03804697   -756.73202924   -756.69398227
        74        7.400       368.41      0.03850058   -756.73211756   -756.69361698
        75        7.500       367.41      0.03839603   -756.73215380   -756.69375777
        76        7.600       366.93      0.03834552   -756.73213592   -756.69379041
        77        7.700       359.75      0.03759529   -756.73206643   -756.69447113
        78        7.800       350.98      0.03667877   -756.73195077   -756.69527200
        79        7.900       337.47      0.03526671   -756.73179961   -756.69653290
        80        8.000       336.53      0.03516852   -756.73162617   -756.69645765
        81        8.100       324.76      0.03393856   -756.73143954   -756.69750098
        82        8.200       312.26      0.03263265   -756.73125747   -756.69862483
        83        8.300       303.82      0.03175038   -756.73109524   -756.69934486
        84        8.400       300.12      0.03136408   -756.73096701   -756.69960292
        85        8.500       302.33      0.03159467   -756.73088324   -756.69928857
        86        8.600       298.18      0.03116148   -756.73085205   -756.69969057
        87        8.700       295.76      0.03090836   -756.73088069   -756.69997232
        88        8.800       302.75      0.03163837   -756.73097051   -756.69933214
        89        8.900       304.22      0.03179206   -756.73111946   -756.69932740
        90        9.000       305.53      0.03192951   -756.73131965   -756.69939014
        91        9.100       312.05      0.03261033   -756.73155989   -756.69894956
        92        9.200       325.22      0.03398655   -756.73182755   -756.69784100
        93        9.300       333.53      0.03485515   -756.73210862   -756.69725347
        94        9.400       347.03      0.03626673   -756.73238346   -756.69611673
        95        9.500       349.43      0.03651691   -756.73263723   -756.69612032
        96        9.600       361.12      0.03773892   -756.73285211   -756.69511319
        97        9.700       361.70      0.03779908   -756.73302009   -756.69522100
        98        9.800       361.69      0.03779816   -756.73313101   -756.69533285
        99        9.900       359.20      0.03753786   -756.73318337   -756.69564551
       100       10.000       354.42      0.03703896   -756.73317938   -756.69614041
       101       10.100       353.04      0.03689445   -756.73312523   -756.69623078
       102       10.200       348.87      0.03645853   -756.73302955   -756.69657102
       103       10.300       346.54      0.03621501   -756.73290289   -756.69668788
       104       10.400       344.20      0.03597027   -756.73275752   -756.69678724
       105       10.500       336.24      0.03513921   -756.73260646   -756.69746726
       106       10.600       335.36      0.03504666   -756.73246480   -756.69741814
       107       10.700       328.88      0.03436980   -756.73234403   -756.69797424
       108       10.800       322.73      0.03372694   -756.73225701   -756.69853008
       109       10.900       319.63      0.03340238   -756.73221327   -756.69881089
       110       11.000       321.09      0.03355550   -756.73221990   -756.69866440
       111       11.100       326.32      0.03410198   -756.73228007   -756.69817809
       112       11.200       332.37      0.03473476   -756.73239464   -756.69765988
       113       11.300       339.96      0.03552774   -756.73256097   -756.69703324
       114       11.400       342.00      0.03574094   -756.73277357   -756.69703263
       115       11.500       347.11      0.03627485   -756.73302331   -756.69674847
       116       11.600       358.19      0.03743247   -756.73330144   -756.69586897
       117       11.700       366.31      0.03828124   -756.73359885   -756.69531761
       118       11.800       383.19      0.04004532   -756.73390236   -756.69385704
       119       11.900       399.91      0.04179198   -756.73420243   -756.69241044
       120       12.000       409.57      0.04280201   -756.73448666   -756.69168465
       121       12.100       417.47      0.04362739   -756.73474120   -756.69111381
       122       12.200       426.01      0.04451982   -756.73495804   -756.69043822
       123       12.300       429.88      0.04492432   -756.73513114   -756.69020681
       124       12.400       431.97      0.04514317   -756.73525702   -756.69011385
       125       12.500       433.16      0.04526714   -756.73533613   -756.69006899
       126       12.600       436.14      0.04557883   -756.73537187   -756.68979304
       127       12.700       432.14      0.04516048   -756.73537082   -756.69021034
       128       12.800       433.74      0.04532795   -756.73534145   -756.69001350
       129       12.900       425.53      0.04446942   -756.73529484   -756.69082543
       130       13.000       419.97      0.04388890   -756.73524560   -756.69135670
       131       13.100       412.29      0.04308662   -756.73520750   -756.69212089
       132       13.200       407.74      0.04261093   -756.73519499   -756.69258406
       133       13.300       405.12      0.04233649   -756.73522026   -756.69288377
       134       13.400       408.54      0.04269437   -756.73529372   -756.69259935
       135       13.500       411.98      0.04305413   -756.73542164   -756.69236751
       136       13.600       415.55      0.04342682   -756.73560634   -756.69217951
       137       13.700       416.91      0.04356871   -756.73584616   -756.69227746
       138       13.800       422.23      0.04412477   -756.73613418   -756.69200941
       139       13.900       433.71      0.04532433   -756.73646197   -756.69113765
       140       14.000       449.42      0.04696651   -756.73681801   -756.68985150
       141       14.100       466.00      0.04869931   -756.73718870   -756.68848939
       142       14.200       473.39      0.04947196   -756.73755740   -756.68808543
       143       14.300       489.06      0.05110924   -756.73790517   -756.68679593
       144       14.400       489.95      0.05120200   -756.73822206   -756.68702006
       145       14.500       494.97      0.05172703   -756.73849287   -756.68676583
       146       14.600       499.83      0.05223463   -756.73871359   -756.68647896
       147       14.700       507.60      0.05304650   -756.73888105   -756.68583455
       148       14.800       511.64      0.05346925   -756.73899625   -756.68552700
       149       14.900       516.55      0.05398197   -756.73906228   -756.68508031
       150       15.000       527.41      0.05511676   -756.73908562   -756.68396886
       151       15.100       526.25      0.05499615   -756.73907461   -756.68407846
       152       15.200       525.82      0.05495074   -756.73903974   -756.68408900
       153       15.300       528.36      0.05521619   -756.73899330   -756.68377711
       154       15.400       524.34      0.05479568   -756.73894750   -756.68415182
       155       15.500       520.92      0.05443882   -756.73891483   -756.68447601
       156       15.600       517.75      0.05410728   -756.73890670   -756.68479942
       157       15.700       519.35      0.05427444   -756.73893211   -756.68465767
       158       15.800       518.56      0.05419193   -756.73899835   -756.68480642
       159       15.900       524.66      0.05482943   -756.73910997   -756.68428055
       160       16.000       537.41      0.05616180   -756.73926895   -756.68310715
       161       16.100       541.27      0.05656553   -756.73947544   -756.68290991
       162       16.200       548.74      0.05734645   -756.73972410   -756.68237765
       163       16.300       553.42      0.05783488   -756.74000991   -756.68217502
       164       16.400       560.73      0.05859866   -756.74032459   -756.68172593
       165       16.500       561.33      0.05866122   -756.74065992   -756.68199871
       166       16.600       577.20      0.06032036   -756.74100443   -756.68068408
       167       16.700       581.22      0.06073994   -756.74135171   -756.68061178
       168       16.800       594.03      0.06207865   -756.74168788   -756.67960923
       169       16.900       596.34      0.06232079   -756.74200541   -756.67968462
       170       17.000       602.82      0.06299756   -756.74229356   -756.67929600
       171       17.100       606.80      0.06341326   -756.74254639   -756.67913313
       172       17.200       616.79      0.06445734   -756.74275948   -756.67830214
       173       17.300       617.54      0.06453630   -756.74293033   -756.67839403
       174       17.400       608.17      0.06355679   -756.74305916   -756.67950237
       175       17.500       609.57      0.06370254   -756.74314913   -756.67944659
       176       17.600       594.89      0.06216875   -756.74320808   -756.68103933
       177       17.700       596.10      0.06229535   -756.74324523   -756.68094987
       178       17.800       589.07      0.06156028   -756.74327207   -756.68171179
       179       17.900       587.34      0.06138018   -756.74330049   -756.68192031
       180       18.000       588.06      0.06145490   -756.74334252   -756.68188762
       181       18.100       596.49      0.06233611   -756.74340991   -756.68107380
       182       18.200       613.45      0.06410824   -756.74351204   -756.67940380
       183       18.300       620.73      0.06486972   -756.74365594   -756.67878622
       184       18.400       628.74      0.06570624   -756.74384568   -756.67813944
       185       18.500       639.01      0.06677916   -756.74408197   -756.67730281
       186       18.600       644.68      0.06737251   -756.74436252   -756.67699001
       187       18.700       654.27      0.06837448   -756.74468127   -756.67630680
       188       18.800       667.62      0.06976941   -756.74503013   -756.67526071
       189       18.900       680.33      0.07109801   -756.74539945   -756.67430145
       190       19.000       688.46      0.07194770   -756.74577726   -756.67382956
       191       19.100       693.43      0.07246720   -756.74615142   -756.67368422
       192       19.200       705.39      0.07371678   -756.74651139   -756.67279461
       193       19.300       709.72      0.07416952   -756.74685067   -756.67268115
       194       19.400       720.95      0.07534309   -756.74716175   -756.67181866
       195       19.500       730.29      0.07631931   -756.74744363   -756.67112432
       196       19.600       735.87      0.07690180   -756.74769520   -756.67079340
       197       19.700       735.92      0.07690747   -756.74791936   -756.67101189
       198       19.800       738.32      0.07715815   -756.74812060   -756.67096245
       199       19.900       732.44      0.07654323   -756.74830698   -756.67176375
       200       20.000       730.87      0.07637985   -756.74848740   -756.67210755
       201       20.100       739.47      0.07727777   -756.74867178   -756.67139401
       202       20.200       747.56      0.07812366   -756.74887162   -756.67074796
       203       20.300       761.40      0.07957039   -756.74909592   -756.66952553
       204       20.400       776.09      0.08110503   -756.74935428   -756.66824925
       205       20.500       787.37      0.08228365   -756.74965481   -756.66737116
       206       20.600       802.27      0.08384152   -756.75000433   -756.66616281
       207       20.700       824.46      0.08615996   -756.75041084   -756.66425088
       208       20.800       841.18      0.08790707   -756.75088303   -756.66297595
       209       20.900       855.81      0.08943593   -756.75142640   -756.66199046
       210       21.000       868.61      0.09077350   -756.75204553   -756.66127203
       211       21.100       895.13      0.09354566   -756.75274363   -756.65919797
       212       21.200       915.44      0.09566819   -756.75352938   -756.65786119
       213       21.300       947.29      0.09899667   -756.75439735   -756.65540069
       214       21.400       981.05      0.10252428   -756.75533482   -756.65281055
       215       21.500      1000.48      0.10455471   -756.75632784   -756.65177314
       216       21.600      1031.86      0.10783455   -756.75735416   -756.64951960
       217       21.700      1067.98      0.11160876   -756.75840041   -756.64679165
       218       21.800      1101.69      0.11513237   -756.75944975   -756.64431738
       219       21.900      1136.34      0.11875272   -756.76048482   -756.64173210
       220       22.000      1158.52      0.12107061   -756.76149151   -756.64042090
       221       22.100      1198.01      0.12519768   -756.76245078   -756.63725310
       222       22.200      1230.08      0.12854957   -756.76335310   -756.63480353
       223       22.300      1251.33      0.13076982   -756.76417544   -756.63340562
       224       22.400      1266.69      0.13237473   -756.76488997   -756.63251524
       225       22.500      1288.57      0.13466163   -756.76546716   -756.63080553
       226       22.600      1289.09      0.13471585   -756.76587458   -756.63115873
       227       22.700      1279.14      0.13367585   -756.76607172   -756.63239587
       228       22.800      1258.79      0.13154961   -756.76602199   -756.63447238
       229       22.900      1240.41      0.12962876   -756.76569174   -756.63606298
       230       23.000      1209.68      0.12641729   -756.76504800   -756.63863071
       231       23.100      1181.91      0.12351479   -756.76406626   -756.64055147
       232       23.200      1125.95      0.11766700   -756.76272548   -756.64505847
       233       23.300      1063.28      0.11111773   -756.76104533   -756.64992759
       234       23.400       987.64      0.10321302   -756.75907163   -756.65585860
       235       23.500       906.86      0.09477086   -756.75689995   -756.66212909
       236       23.600       817.52      0.08543479   -756.75466511   -756.66923033
       237       23.700       750.06      0.07838438   -756.75254821   -756.67416383
       238       23.800       688.27      0.07192790   -756.75070818   -756.67878028
       239       23.900       640.01      0.06688446   -756.74932509   -756.68244063
       240       24.000       612.14      0.06397171   -756.74854179   -756.68457009
       241       24.100       603.11      0.06302764   -756.74843931   -756.68541168
       242       24.200       621.61      0.06496139   -756.74902334   -756.68406195
       243       24.300       657.81      0.06874449   -756.75022169   -756.68147721
       244       24.400       709.13      0.07410756   -756.75189651   -756.67778895
       245       24.500       777.72      0.08127524   -756.75387057   -756.67259532
       246       24.600       851.36      0.08897111   -756.75596237   -756.66699126
       247       24.700       920.08      0.09615273   -756.75799485   -756.66184212
       248       24.800       977.51      0.10215453   -756.75981911   -756.65766458
       249       24.900      1035.28      0.10819218   -756.76133072   -756.65313854
       250       25.000      1063.05      0.11109390   -756.76248155   -756.65138765
       251       25.100      1078.96      0.11275637   -756.76324817   -756.65049180
       252       25.200      1087.84      0.11368439   -756.76365205   -756.64996766
       253       25.300      1084.48      0.11333318   -756.76373020   -756.65039702
       254       25.400      1069.16      0.11173227   -756.76352637   -756.65179410
       255       25.500      1057.54      0.11051808   -756.76309007   -756.65257199
       256       25.600      1026.30      0.10725327   -756.76246490   -756.65521164
       257       25.700       989.40      0.10339681   -756.76170014   -756.65830334
       258       25.800       966.89      0.10104437   -756.76083803   -756.65979366
       259       25.900       930.49      0.09724056   -756.75990389   -756.66266333
       260       26.000       901.26      0.09418546   -756.75893018   -756.66474472
       261       26.100       856.22      0.08947941   -756.75793355   -756.66845415
       262       26.200       825.93      0.08631323   -756.75694025   -756.67062702
       263       26.300       788.30      0.08238109   -756.75595473   -756.67357365
       264       26.400       756.65      0.07907383   -756.75499252   -756.67591869
       265       26.500       717.87      0.07502098   -756.75405968   -756.67903870
       266       26.600       689.08      0.07201213   -756.75316980   -756.68115767
       267       26.700       656.61      0.06861939   -756.75232395   -756.68370455
       268       26.800       628.08      0.06563768   -756.75152978   -756.68589211
       269       26.900       603.52      0.06307115   -756.75078889   -756.68771775
       270       27.000       587.42      0.06138780   -756.75009966   -756.68871186
       271       27.100       564.47      0.05899031   -756.74945834   -756.69046803
       272       27.200       541.25      0.05656370   -756.74886920   -756.69230550
       273       27.300       518.19      0.05415282   -756.74833435   -756.69418153
       274       27.400       492.91      0.05151170   -756.74785592   -756.69634422
       275       27.500       470.58      0.04917833   -756.74743925   -756.69826093
       276       27.600       457.37      0.04779706   -756.74708819   -756.69929113
       277       27.700       437.62      0.04573286   -756.74680459   -756.70107173
       278       27.800       434.13      0.04536829   -756.74659627   -756.70122798
       279       27.900       420.02      0.04389415   -756.74646186   -756.70256772
       280       28.000       410.97      0.04294857   -756.74640674   -756.70345816
       281       28.100       413.88      0.04325202   -756.74642994   -756.70317792
       282       28.200       418.28      0.04371203   -756.74652922   -756.70281719
       283       28.300       420.81      0.04397702   -756.74670060   -756.70272358
       284       28.400       421.04      0.04400086   -756.74693749   -756.70293662
       285       28.500       428.09      0.04473732   -756.74723423   -756.70249691
       286       28.600       441.45      0.04613325   -756.74758680   -756.70145355
       287       28.700       454.63      0.04751106   -756.74799212   -756.70048106
       288       28.800       462.53      0.04833625   -756.74844611   -756.70010987
       289       28.900       482.94      0.05046952   -756.74894413   -756.69847461
       290       29.000       507.66      0.05305241   -756.74949048   -756.69643807
       291       29.100       537.04      0.05612336   -756.75008389   -756.69396053
       292       29.200       554.25      0.05792193   -756.75072420   -756.69280227
       293       29.300       575.12      0.06010273   -756.75140141   -756.69129868
       294       29.400       590.86      0.06174756   -756.75211475   -756.69036719
       295       29.500       615.97      0.06437222   -756.75285634   -756.68848413
       296       29.600       642.53      0.06714696   -756.75362527   -756.68647831
       297       29.700       663.47      0.06933599   -756.75441369   -756.68507770
       298       29.800       692.42      0.07236112   -756.75520746   -756.68284635
       299       29.900       711.36      0.07434045   -756.75599777   -756.68165732
       300       30.000       744.51      0.07780440   -756.75676183   -756.67895743
       301       30.100       763.95      0.07983602   -756.75748372   -756.67764770
       302       30.200       794.96      0.08307724   -756.75812883   -756.67505159
       303       30.300       804.59      0.08408371   -756.75866715   -756.67458344
       304       30.400       815.22      0.08519402   -756.75905291   -756.67385889
       305       30.500       824.24      0.08613699   -756.75924627   -756.67310927
       306       30.600       828.07      0.08653768   -756.75920298   -756.67266531
       307       30.700       808.14      0.08445401   -756.75887848   -756.67442447
       308       30.800       786.61      0.08220476   -756.75824154   -756.67603678
       309       30.900       749.62      0.07833921   -756.75727015   -756.67893093
       310       31.000       700.47      0.07320269   -756.75597071   -756.68276802
       311       31.100       647.51      0.06766828   -756.75438292   -756.68671464
       312       31.200       576.55      0.06025207   -756.75257614   -756.69232408
       313       31.300       512.44      0.05355271   -756.75068600   -756.69713329
       314       31.400       448.48      0.04686874   -756.74884701   -756.70197827
       315       31.500       386.12      0.04035112   -756.74722932   -756.70687820
       316       31.600       344.12      0.03596242   -756.74601302   -756.71005060
       317       31.700       323.76      0.03383457   -756.74532210   -756.71148754
       318       31.800       321.96      0.03364587   -756.74523957   -756.71159370
       319       31.900       333.74      0.03487782   -756.74579194   -756.71091412
       320       32.000       368.70      0.03853085   -756.74693097   -756.70840011
       321       32.100       422.12      0.04411352   -756.74855381   -756.70444030
       322       32.200       486.01      0.05079080   -756.75051847   -756.69972767
       323       32.300       554.59      0.05795774   -756.75265812   -756.69470038
       324       32.400       632.11      0.06605805   -756.75481217   -756.68875412
       325       32.500       692.58      0.07237824   -756.75685593   -756.68447769
       326       32.600       747.84      0.07815237   -756.75866603   -756.68051366
       327       32.700       795.94      0.08317976   -756.76018437   -756.67700461
       328       32.800       834.07      0.08716444   -756.76138413   -756.67421968
       329       32.900       861.14      0.08999290   -756.76226096   -756.67226807
       330       33.000       877.96      0.09175077   -756.76282785   -756.67107707
       331       33.100       879.89      0.09195294   -756.76310857   -756.67115563
       332       33.200       877.64      0.09171797   -756.76313223   -756.67141426
       333       33.300       860.15      0.08989002   -756.76293169   -756.67304168
       334       33.400       849.30      0.08875571   -756.76254194   -756.67378622
       335       33.500       832.69      0.08702039   -756.76199180   -756.67497141
       336       33.600       814.68      0.08513804   -756.76130941   -756.67617137
       337       33.700       787.01      0.08224585   -756.76051991   -756.67827406
       338       33.800       745.87      0.07794735   -756.75965123   -756.68170388
       339       33.900       721.73      0.07542437   -756.75873633   -756.68331197
       340       34.000       688.21      0.07192124   -756.75778639   -756.68586514
       341       34.100       643.51      0.06725013   -756.75682803   -756.68957790
       342       34.200       612.50      0.06400933   -756.75589231   -756.69188298
       343       34.300       578.55      0.06046094   -756.75498968   -756.69452874
       344       34.400       552.78      0.05776763   -756.75414214   -756.69637451
       345       34.500       524.02      0.05476301   -756.75336207   -756.69859906
       346       34.600       500.06      0.05225896   -756.75266888   -756.70040992
       347       34.700       485.44      0.05073031   -756.75207525   -756.70134494
       348       34.800       464.97      0.04859123   -756.75158838   -756.70299716
       349       34.900       458.30      0.04789443   -756.75122326   -756.70332884
       350       35.000       451.26      0.04715890   -756.75098162   -756.70382272
       351       35.100       443.32      0.04632862   -756.75086978   -756.70454116
       352       35.200       443.55      0.04635275   -756.75089000   -756.70453726
       353       35.300       448.56      0.04687668   -756.75104134   -756.70416466
       354       35.400       449.22      0.04694586   -756.75132041   -756.70437455
       355       35.500       460.41      0.04811489   -756.75172019   -756.70360530
       356       35.600       484.26      0.05060757   -756.75223545   -756.70162788
       357       35.700       502.31      0.05249366   -756.75286223   -756.70036857
       358       35.800       527.04      0.05507784   -756.75358518   -756.69850734
       359       35.900       557.32      0.05824255   -756.75439599   -756.69615344
       360       36.000       576.02      0.06019656   -756.75528660   -756.69509004
       361       36.100       614.44      0.06421239   -756.75623605   -756.69202367
       362       36.200       648.11      0.06773100   -756.75724807   -756.68951707
       363       36.300       685.32      0.07161947   -756.75830803   -756.68668855
       364       36.400       718.13      0.07504756   -756.75940850   -756.68436094
       365       36.500       747.26      0.07809275   -756.76053736   -756.68244461
       366       36.600       782.15      0.08173824   -756.76168399   -756.67994574
       367       36.700       811.64      0.08482022   -756.76284393   -756.67802372
       368       36.800       849.04      0.08872880   -756.76400350   -756.67527470
       369       36.900       860.48      0.08992384   -756.76515496   -756.67523112
       370       37.000       888.86      0.09288999   -756.76626710   -756.67337711
       371       37.100       915.82      0.09570758   -756.76733232   -756.67162474
       372       37.200       943.09      0.09855718   -756.76832467   -756.66976749
       373       37.300       967.39      0.10109666   -756.76921315   -756.66811649
       374       37.400       987.72      0.10322110   -756.76995936   -756.66673826
       375       37.500      1014.81      0.10605216   -756.77052078   -756.66446862
       376       37.600      1025.18      0.10713666   -756.77085232   -756.66371566
       377       37.700      1012.80      0.10584234   -756.77090395   -756.66506160
       378       37.800       995.53      0.10403793   -756.77063714   -756.66659921
       379       37.900       955.33      0.09983663   -756.77002546   -756.67018884
       380       38.000       918.35      0.09597212   -756.76906707   -756.67309495
       381       38.100       864.63      0.09035821   -756.76777538   -756.67741717
       382       38.200       817.30      0.08541140   -756.76620861   -756.68079721
       383       38.300       751.64      0.07854988   -756.76443997   -756.68589009
       384       38.400       689.15      0.07201988   -756.76260821   -756.69058833
       385       38.500       635.34      0.06639629   -756.76086081   -756.69446452
       386       38.600       583.00      0.06092594   -756.75935109   -756.69842516
       387       38.700       536.56      0.05607291   -756.75824025   -756.70216733
       388       38.800       518.03      0.05413713   -756.75765531   -756.70351819
       389       38.900       522.62      0.05461626   -756.75765114   -756.70303488
       390       39.000       543.86      0.05683617   -756.75822879   -756.70139262
       391       39.100       578.45      0.06045027   -756.75932705   -756.69887678
       392       39.200       620.44      0.06483897   -756.76082986   -756.69599089
       393       39.300       675.26      0.07056820   -756.76258578   -756.69201758
       394       39.400       735.01      0.07681177   -756.76444786   -756.68763609
       395       39.500       800.55      0.08366162   -756.76627688   -756.68261526
       396       39.600       853.96      0.08924332   -756.76796229   -756.67871896
       397       39.700       900.38      0.09409382   -756.76941291   -756.67531910
       398       39.800       937.11      0.09793233   -756.77058302   -756.67265069
       399       39.900       960.94      0.10042246   -756.77145453   -756.67103208
       400       40.000       967.59      0.10111803   -756.77203088   -756.67091285
       401       40.100       966.34      0.10098688   -756.77233281   -756.67134593
       402       40.200       971.51      0.10152770   -756.77239106   -756.67086335
       403       40.300       965.75      0.10092552   -756.77223850   -756.67131297
       404       40.400       950.63      0.09934531   -756.77190716   -756.67256186
       405       40.500       926.01      0.09677210   -756.77143067   -756.67465856
       406       40.600       902.64      0.09433028   -756.77084170   -756.67651143
       407       40.700       870.26      0.09094640   -756.77016663   -756.67922023
       408       40.800       832.55      0.08700516   -756.76943096   -756.68242580
       409       40.900       805.16      0.08414277   -756.76865832   -756.68451555
       410       41.000       780.03      0.08151679   -756.76785883   -756.68634204
       411       41.100       754.80      0.07887969   -756.76704472   -756.68816504
       412       41.200       724.02      0.07566400   -756.76622761   -756.69056361
       413       41.300       687.01      0.07179554   -756.76542219   -756.69362666
       414       41.400       662.73      0.06925817   -756.76464475   -756.69538658
       415       41.500       637.76      0.06664924   -756.76390032   -756.69725107
       416       41.600       610.57      0.06380759   -756.76320183   -756.69939424
       417       41.700       573.31      0.05991345   -756.76256384   -756.70265039
       418       41.800       559.10      0.05842822   -756.76200607   -756.70357785
       419       41.900       541.65      0.05660517   -756.76152859   -756.70492342
       420       42.000       525.98      0.05496757   -756.76114444   -756.70617687
       421       42.100       518.72      0.05420868   -756.76086228   -756.70665360
       422       42.200       508.19      0.05310806   -756.76068578   -756.70757772
       423       42.300       506.06      0.05288582   -756.76061944   -756.70773362
       424       42.400       499.82      0.05223358   -756.76066279   -756.70842921
       425       42.500       507.44      0.05303011   -756.76081314   -756.70778304
       426       42.600       518.69      0.05420591   -756.76106601   -756.70686010
       427       42.700       526.35      0.05500626   -756.76141511   -756.70640885
       428       42.800       544.00      0.05685092   -756.76185046   -756.70499954
       429       42.900       558.81      0.05839814   -756.76236628   -756.70396814
       430       43.000       578.26      0.06043136   -756.76295223   -756.70252087
       431       43.100       603.88      0.06310797   -756.76360221   -756.70049424
       432       43.200       628.54      0.06568570   -756.76431208   -756.69862639
       433       43.300       649.83      0.06791074   -756.76507519   -756.69716446
       434       43.400       671.37      0.07016144   -756.76588439   -756.69572295
       435       43.500       701.86      0.07334752   -756.76673501   -756.69338750
       436       43.600       720.74      0.07532075   -756.76762745   -756.69230670
       437       43.700       747.34      0.07810051   -756.76854810   -756.69044759
       438       43.800       784.72      0.08200732   -756.76949236   -756.68748504
       439       43.900       818.04      0.08548912   -756.77045216   -756.68496304
       440       44.000       856.41      0.08949943   -756.77140515   -756.68190572
       441       44.100       879.04      0.09186368   -756.77232752   -756.68046384
       442       44.200       903.05      0.09437337   -756.77317898   -756.67880561
       443       44.300       912.02      0.09531036   -756.77392327   -756.67861291
       444       44.400       929.44      0.09713093   -756.77451469   -756.67738376
       445       44.500       948.56      0.09912855   -756.77491482   -756.67578627
       446       44.600       958.04      0.10012021   -756.77507838   -756.67495817
       447       44.700       949.26      0.09920206   -756.77496101   -756.67575895
       448       44.800       922.54      0.09640961   -756.77453270   -756.67812309
       449       44.900       886.06      0.09259703   -756.77378452   -756.68118749
       450       45.000       849.31      0.08875727   -756.77273343   -756.68397616
       451       45.100       797.77      0.08337094   -756.77141928   -756.68804833
       452       45.200       733.48      0.07665212   -756.76992779   -756.69327567
       453       45.300       687.65      0.07186322   -756.76838821   -756.69652499
       454       45.400       640.42      0.06692688   -756.76692111   -756.69999423
       455       45.500       600.50      0.06275533   -756.76568357   -756.70292825
       456       45.600       572.11      0.05978863   -756.76482019   -756.70503156
       457       45.700       561.13      0.05864038   -756.76444526   -756.70580488
       458       45.800       566.60      0.05921192   -756.76462039   -756.70540847
       459       45.900       594.08      0.06208378   -756.76534467   -756.70326089
       460       46.000       629.69      0.06580563   -756.76655614   -756.70075051
       461       46.100       682.27      0.07130085   -756.76813156   -756.69683071
       462       46.200       738.22      0.07714752   -756.76992845   -756.69278093
       463       46.300       800.72      0.08367926   -756.77178425   -756.68810499
       464       46.400       856.77      0.08953646   -756.77356015   -756.68402369
       465       46.500       906.44      0.09472725   -756.77513540   -756.68040816
       466       46.600       960.09      0.10033435   -756.77643186   -756.67609751
       467       46.700       991.09      0.10357328   -756.77741226   -756.67383898
       468       46.800      1019.57      0.10654984   -756.77805610   -756.67150626
       469       46.900      1021.09      0.10670902   -756.77837622   -756.67166720
       470       47.000      1020.21      0.10661724   -756.77839897   -756.67178172
       471       47.100      1013.43      0.10590847   -756.77816436   -756.67225589
       472       47.200       995.58      0.10404319   -756.77771314   -756.67366995
       473       47.300       973.93      0.10178016   -756.77708874   -756.67530858
       474       47.400       941.14      0.09835352   -756.77633054   -756.67797702
       475       47.500       901.61      0.09422215   -756.77547781   -756.68125566
       476       47.600       875.37      0.09148052   -756.77456533   -756.68308481
       477       47.700       828.55      0.08658729   -756.77361002   -756.68702273
       478       47.800       792.48      0.08281829   -756.77264567   -756.68982738
       479       47.900       752.47      0.07863702   -756.77168388   -756.69304686
       480       48.000       713.60      0.07457488   -756.77074329   -756.69616841
       481       48.100       682.58      0.07133252   -756.76983807   -756.69850555
       482       48.200       648.30      0.06775028   -756.76897752   -756.70122724
       483       48.300       617.54      0.06453601   -756.76817790   -756.70364188
       484       48.400       594.21      0.06209803   -756.76745158   -756.70535355
       485       48.500       563.92      0.05893275   -756.76680886   -756.70787611
       486       48.600       545.01      0.05695582   -756.76626921   -756.70931338
       487       48.700       533.69      0.05577339   -756.76584167   -756.71006828
       488       48.800       523.28      0.05468507   -756.76553701   -756.71085193
       489       48.900       516.57      0.05398416   -756.76536759   -756.71138343
       490       49.000       511.97      0.05350293   -756.76534365   -756.71184072
       491       49.100       516.65      0.05399261   -756.76547315   -756.71148054
       492       49.200       525.31      0.05489726   -756.76576131   -756.71086405
       493       49.300       533.20      0.05572199   -756.76621012   -756.71048812
       494       49.400       544.31      0.05688251   -756.76681590   -756.70993340
       495       49.500       558.05      0.05831892   -756.76757186   -756.70925294
       496       49.600       587.21      0.06136605   -756.76846675   -756.70710070
       497       49.700       622.77      0.06508219   -756.76949320   -756.70441102
       498       49.800       661.26      0.06910528   -756.77063339   -756.70152811
       499       49.900       690.99      0.07221160   -756.77186062   -756.69964903
       500       50.000       732.54      0.07655360   -756.77313349   -756.69657989
       501       50.100       780.89      0.08160646   -756.77442318   -756.69281672
       502       50.200       816.54      0.08533237   -756.77568991   -756.69035755
       503       50.300       845.26      0.08833411   -756.77687408   -756.68853997
       504       50.400       885.84      0.09257408   -756.77792009   -756.68534601
       505       50.500       920.58      0.09620487   -756.77878112   -756.68257625
       506       50.600       936.88      0.09790882   -756.77939651   -756.68148769
       507       50.700       945.14      0.09877121   -756.77970807   -756.68093687
       508       50.800       944.76      0.09873183   -756.77967093   -756.68093909
       509       50.900       923.72      0.09653265   -756.77925061   -756.68271796
       510       51.000       891.32      0.09314728   -756.77843440   -756.68528712
       511       51.100       848.16      0.08863663   -756.77723569   -756.68859906
       512       51.200       795.72      0.08315648   -756.77569882   -756.69254234
       513       51.300       736.90      0.07701000   -756.77390631   -756.69689631
       514       51.400       672.22      0.07024994   -756.77197985   -756.70172991
       515       51.500       604.02      0.06312314   -756.77008115   -756.70695801
       516       51.600       548.42      0.05731199   -756.76839799   -756.71108600
       517       51.700       506.46      0.05292763   -756.76709779   -756.71417015
       518       51.800       480.41      0.05020542   -756.76632616   -756.71612073
       519       51.900       470.60      0.04918030   -756.76617844   -756.71699813
       520       52.000       488.11      0.05100984   -756.76667876   -756.71566893
       521       52.100       524.50      0.05481310   -756.76777503   -756.71296193
       522       52.200       575.91      0.06018557   -756.76934969   -756.70916411
       523       52.300       639.52      0.06683320   -756.77123679   -756.70440359
       524       52.400       698.98      0.07304661   -756.77325405   -756.70020744
       525       52.500       768.84      0.08034762   -756.77521331   -756.69486569
       526       52.600       839.03      0.08768233   -756.77697831   -756.68929597
       527       52.700       884.15      0.09239811   -756.77843791   -756.68603980
       528       52.800       906.28      0.09471055   -756.77950824   -756.68479769
       529       52.900       922.64      0.09642022   -756.78016207   -756.68374186
       530       53.000       923.44      0.09650385   -756.78041217   -756.68390832
       531       53.100       917.60      0.09589346   -756.78028968   -756.68439622
       532       53.200       912.78      0.09539004   -756.77983982   -756.68444977
       533       53.300       878.84      0.09184324   -756.77911039   -756.68726715
       534       53.400       841.55      0.08794583   -756.77816804   -756.69022222
       535       53.500       803.43      0.08396216   -756.77707413   -756.69311197
       536       53.600       764.19      0.07986112   -756.77588453   -756.69602341
       537       53.700       723.48      0.07560673   -756.77465056   -756.69904383
       538       53.800       681.43      0.07121262   -756.77341881   -756.70220618
       539       53.900       634.57      0.06631546   -756.77223072   -756.70591526
       540       54.000       587.64      0.06141145   -756.77112671   -756.70971525
       541       54.100       547.82      0.05724944   -756.77013688   -756.71288744
       542       54.200       516.77      0.05400493   -756.76927900   -756.71527407
       543       54.300       486.40      0.05083118   -756.76856425   -756.71773307
       544       54.400       462.94      0.04837977   -756.76800539   -756.71962562
       545       54.500       445.84      0.04659253   -756.76760691   -756.72101438
       546       54.600       444.26      0.04642755   -756.76737006   -756.72094252
       547       54.700       449.10      0.04693294   -756.76729079   -756.72035785
       548       54.800       452.77      0.04731615   -756.76736600   -756.72004985
       549       54.900       462.01      0.04828231   -756.76759167   -756.71930936
       550       55.000       477.73      0.04992518   -756.76796166   -756.71803648
       551       55.100       493.97      0.05162206   -756.76846899   -756.71684693
       552       55.200       513.48      0.05366071   -756.76910408   -756.71544337
       553       55.300       544.74      0.05692780   -756.76985675   -756.71292895
       554       55.400       576.44      0.06024029   -756.77072055   -756.71048026
       555       55.500       614.52      0.06422056   -756.77168108   -756.70746051
       556       55.600       649.15      0.06783896   -756.77272435   -756.70488539
       557       55.700       683.84      0.07146455   -756.77382693   -756.70236238
       558       55.800       710.35      0.07423484   -756.77496413   -756.70072929
       559       55.900       748.44      0.07821579   -756.77610238   -756.69788659
       560       56.000       774.21      0.08090888   -756.77721789   -756.69630901
       561       56.100       797.05      0.08329552   -756.77826355   -756.69496803
       562       56.200       824.64      0.08617866   -756.77919797   -756.69301931
       563       56.300       838.63      0.08764133   -756.77997871   -756.69233738
       564       56.400       847.65      0.08858343   -756.78055435   -756.69197092
       565       56.500       853.92      0.08923883   -756.78088158   -756.69164275
       566       56.600       848.45      0.08866660   -756.78092126   -756.69225466
       567       56.700       830.70      0.08681192   -756.78064449   -756.69383257
       568       56.800       806.55      0.08428781   -756.78004074   -756.69575293
       569       56.900       776.87      0.08118666   -756.77912195   -756.69793529
       570       57.000       731.68      0.07646390   -756.77792755   -756.70146366
       571       57.100       681.85      0.07125643   -756.77654134   -756.70528491
       572       57.200       633.24      0.06617658   -756.77507765   -756.70890106
       573       57.300       593.35      0.06200790   -756.77367086   -756.71166297
       574       57.400       556.23      0.05812904   -756.77245947   -756.71433043
       575       57.500       522.96      0.05465172   -756.77158599   -756.71693427
       576       57.600       509.39      0.05323338   -756.77116603   -756.71793264
       577       57.700       500.92      0.05234886   -756.77125389   -756.71890503
       578       57.800       522.41      0.05459439   -756.77184751   -756.71725313
       579       57.900       551.06      0.05758873   -756.77288827   -756.71529954
       580       58.000       599.18      0.06261741   -756.77426130   -756.71164388
       581       58.100       652.98      0.06823980   -756.77583823   -756.70759843
       582       58.200       699.48      0.07309906   -756.77747184   -756.70437278
       583       58.300       746.14      0.07797526   -756.77902084   -756.70104558
       584       58.400       786.24      0.08216569   -756.78038630   -756.69822061
       585       58.500       829.07      0.08664142   -756.78149718   -756.69485576
       586       58.600       858.15      0.08968065   -756.78232138   -756.69264073
       587       58.700       879.50      0.09191222   -756.78284148   -756.69092925
       588       58.800       887.56      0.09275411   -756.78306690   -756.69031278
       589       58.900       891.48      0.09316358   -756.78302043   -756.68985685
       590       59.000       878.46      0.09180298   -756.78273514   -756.69093217
       591       59.100       859.13      0.08978276   -756.78225213   -756.69246937
       592       59.200       832.02      0.08695021   -756.78161403   -756.69466382
       593       59.300       807.26      0.08436226   -756.78086438   -756.69650211
       594       59.400       779.93      0.08150664   -756.78003815   -756.69853151
       595       59.500       735.69      0.07688344   -756.77916888   -756.70228544
       596       59.600       702.01      0.07336294   -756.77829751   -756.70493456
       597       59.700       659.65      0.06893643   -756.77744328   -756.70850684
       598       59.800       630.17      0.06585591   -756.77663601   -756.71078009
       599       59.900       604.99      0.06322456   -756.77588807   -756.71266351
       600       60.000       576.16      0.06021163   -756.77521499   -756.71500336
       601       60.100       551.19      0.05760216   -756.77463584   -756.71703368
       602       60.200       527.89      0.05516668   -756.77416520   -756.71899852
       603       60.300       513.56      0.05366912   -756.77381810   -756.72014897
       604       60.400       512.79      0.05358900   -756.77360508   -756.72001608
       605       60.500       504.64      0.05273720   -756.77353523   -756.72079803
       606       60.600       508.89      0.05318187   -756.77362096   -756.72043909
       607       60.700       512.16      0.05352298   -756.77386954   -756.72034656
       608       60.800       522.83      0.05463834   -756.77428408   -756.71964574
       609       60.900       541.22      0.05656002   -756.77486484   -756.71830482
       610       61.000       564.02      0.05894303   -756.77560738   -756.71666435
       611       61.100       589.06      0.06156008   -756.77649890   -756.71493882
       612       61.200       623.76      0.06518611   -756.77751887   -756.71233276
       613       61.300       657.07      0.06866699   -756.77864517   -756.70997818
       614       61.400       698.64      0.07301155   -756.77983971   -756.70682816
       615       61.500       741.32      0.07747143   -756.78106646   -756.70359502
       616       61.600       784.36      0.08196943   -756.78227649   -756.70030705
       617       61.700       809.38      0.08458440   -756.78341481   -756.69883041
       618       61.800       848.34      0.08865511   -756.78441648   -756.69576138
       619       61.900       864.98      0.09039506   -756.78523472   -756.69483967
       620       62.000       890.69      0.09308185   -756.78580711   -756.69272526
       621       62.100       909.37      0.09503359   -756.78609222   -756.69105862
       622       62.200       893.03      0.09332583   -756.78604715   -756.69272132
       623       62.300       871.51      0.09107714   -756.78564964   -756.69457251
       624       62.400       831.44      0.08688976   -756.78490409   -756.69801433
       625       62.500       783.75      0.08190613   -756.78384364   -756.70193751
       626       62.600       735.06      0.07681735   -756.78252889   -756.70571154
       627       62.700       674.54      0.07049281   -756.78104420   -756.71055139
       628       62.800       627.74      0.06560184   -756.77951335   -756.71391152
       629       62.900       566.90      0.05924357   -756.77805281   -756.71880924
       630       63.000       529.27      0.05531095   -756.77682116   -756.72151021
       631       63.100       503.29      0.05259611   -756.77592490   -756.72332879
       632       63.200       496.28      0.05186333   -756.77545811   -756.72359478
       633       63.300       497.69      0.05201120   -756.77547164   -756.72346044
       634       63.400       510.34      0.05333302   -756.77596976   -756.72263674
       635       63.500       543.06      0.05675243   -756.77690082   -756.72014839
       636       63.600       584.76      0.06111029   -756.77817674   -756.71706645
       637       63.700       630.55      0.06589601   -756.77967499   -756.71377899
       638       63.800       679.78      0.07104001   -756.78126398   -756.71022397
       639       63.900       738.05      0.07712972   -756.78282252   -756.70569280
       640       64.000       774.07      0.08089392   -756.78425506   -756.70336114
       641       64.100       812.88      0.08494977   -756.78546807   -756.70051830
       642       64.200       840.94      0.08788240   -756.78642036   -756.69853796
       643       64.300       861.63      0.09004398   -756.78708457   -756.69704059
       644       64.400       872.82      0.09121395   -756.78745610   -756.69624215
       645       64.500       873.45      0.09128000   -756.78754372   -756.69626371
       646       64.600       862.80      0.09016684   -756.78736939   -756.69720256
       647       64.700       829.13      0.08664753   -756.78696446   -756.70031693
       648       64.800       793.07      0.08288009   -756.78637368   -756.70349359
       649       64.900       766.19      0.08007054   -756.78564134   -756.70557080
       650       65.000       736.75      0.07699387   -756.78480428   -756.70781041
       651       65.100       706.11      0.07379142   -756.78390319   -756.71011177
       652       65.200       672.23      0.07025078   -756.78297637   -756.71272559
       653       65.300       635.17      0.06637784   -756.78206302   -756.71568518
       654       65.400       602.85      0.06300105   -756.78120125   -756.71820019
       655       65.500       576.69      0.06026683   -756.78042012   -756.72015330
       656       65.600       549.75      0.05745199   -756.77974603   -756.72229404
       657       65.700       522.80      0.05463521   -756.77920368   -756.72456847
       658       65.800       500.57      0.05231149   -756.77881459   -756.72650310
       659       65.900       493.65      0.05158919   -756.77859176   -756.72700257
       660       66.000       480.02      0.05016439   -756.77853944   -756.72837505
       661       66.100       489.20      0.05112416   -756.77866238   -756.72753822
       662       66.200       491.16      0.05132882   -756.77895702   -756.72762820
       663       66.300       502.19      0.05248145   -756.77941435   -756.72693290
       664       66.400       525.96      0.05496525   -756.78002252   -756.72505726
       665       66.500       547.67      0.05723405   -756.78076856   -756.72353451
       666       66.600       567.58      0.05931496   -756.78162735   -756.72231239
       667       66.700       602.29      0.06294246   -756.78257053   -756.71962807
       668       66.800       633.33      0.06618594   -756.78357942   -756.71739348
       669       66.900       669.25      0.06993964   -756.78461751   -756.71467788
       670       67.000       701.57      0.07331790   -756.78565339   -756.71233549
       671       67.100       736.26      0.07694267   -756.78664690   -756.70970423
       672       67.200       765.40      0.07998804   -756.78756110   -756.70757306
       673       67.300       796.23      0.08321030   -756.78835369   -756.70514339
       674       67.400       816.20      0.08529682   -756.78898593   -756.70368911
       675       67.500       822.40      0.08594523   -756.78941631   -756.70347108
       676       67.600       832.22      0.08697096   -756.78960984   -756.70263888
       677       67.700       820.81      0.08577807   -756.78954118   -756.70376311
       678       67.800       803.65      0.08398510   -756.78919604   -756.70521093
       679       67.900       781.03      0.08162160   -756.78857592   -756.70695432
       680       68.000       745.56      0.07791439   -756.78769852   -756.70978413
       681       68.100       700.19      0.07317292   -756.78660849   -756.71343557
       682       68.200       646.64      0.06757724   -756.78537659   -756.71779935
       683       68.300       606.06      0.06333581   -756.78410113   -756.72076532
       684       68.400       566.39      0.05919083   -756.78287435   -756.72368352
       685       68.500       533.33      0.05573593   -756.78180889   -756.72607296
       686       68.600       504.79      0.05275338   -756.78101000   -756.72825662
       687       68.700       488.92      0.05109446   -756.78056827   -756.72947380
       688       68.800       492.36      0.05145426   -756.78053581   -756.72908155
       689       68.900       508.30      0.05312001   -756.78092192   -756.72780191
       690       69.000       530.01      0.05538909   -756.78169404   -756.72630495
       691       69.100       566.69      0.05922153   -756.78277541   -756.72355389
       692       69.200       610.40      0.06378992   -756.78406784   -756.72027792
       693       69.300       651.52      0.06808714   -756.78545731   -756.71737017
       694       69.400       696.04      0.07273981   -756.78682606   -756.71408625
       695       69.500       734.36      0.07674416   -756.78807885   -756.71133469
       696       69.600       762.22      0.07965555   -756.78913733   -756.70948178
       697       69.700       789.67      0.08252481   -756.78995028   -756.70742548
       698       69.800       818.35      0.08552183   -756.79049659   -756.70497476
       699       69.900       828.51      0.08658365   -756.79077048   -756.70418683
       700       70.000       828.46      0.08657768   -756.79077981   -756.70420213
       701       70.100       808.16      0.08445621   -756.79054941   -756.70609319
       702       70.200       797.35      0.08332664   -756.79011977   -756.70679313
       703       70.300       764.55      0.07989897   -756.78952769   -756.70962872
       704       70.400       733.78      0.07668306   -756.78882517   -756.71214211
       705       70.500       692.25      0.07234347   -756.78805428   -756.71571081
       706       70.600       664.70      0.06946467   -756.78726152   -756.71779685
       707       70.700       638.64      0.06674067   -756.78647549   -756.71973481
       708       70.800       609.69      0.06371523   -756.78572563   -756.72201040
       709       70.900       579.69      0.06058053   -756.78504032   -756.72445979
       710       71.000       562.07      0.05873892   -756.78444305   -756.72570413
       711       71.100       544.87      0.05694154   -756.78394346   -756.72700191
       712       71.200       530.50      0.05543982   -756.78355465   -756.72811482
       713       71.300       517.49      0.05408001   -756.78328570   -756.72920568
       714       71.400       509.46      0.05324105   -756.78314200   -756.72990095
       715       71.500       502.67      0.05253161   -756.78312550   -756.73059388
       716       71.600       515.72      0.05389468   -756.78323653   -756.72934184
       717       71.700       520.35      0.05437893   -756.78347365   -756.72909472
       718       71.800       528.31      0.05521114   -756.78382962   -756.72861848
       719       71.900       543.52      0.05680018   -756.78429813   -756.72749795
       720       72.000       556.22      0.05812785   -756.78487066   -756.72674281
       721       72.100       575.68      0.06016125   -756.78553175   -756.72537049
       722       72.200       592.07      0.06187436   -756.78626745   -756.72439309
       723       72.300       613.45      0.06410862   -756.78705415   -756.72294552
       724       72.400       640.32      0.06691690   -756.78787109   -756.72095419
       725       72.500       670.07      0.07002534   -756.78869147   -756.71866612
       726       72.600       696.02      0.07273706   -756.78948430   -756.71674724
       727       72.700       720.61      0.07530741   -756.79021131   -756.71490390
       728       72.800       729.04      0.07618834   -756.79083465   -756.71464632
       729       72.900       739.16      0.07724584   -756.79131294   -756.71406710
       730       73.000       745.43      0.07790068   -756.79161581   -756.71371513
       731       73.100       753.98      0.07879477   -756.79171381   -756.71291903
       732       73.200       753.26      0.07871883   -756.79158329   -756.71286447
       733       73.300       736.74      0.07699260   -756.79120860   -756.71421601
       734       73.400       711.30      0.07433397   -756.79059290   -756.71625893
       735       73.500       675.04      0.07054493   -756.78975935   -756.71921442
       736       73.600       638.38      0.06671427   -756.78875725   -756.72204298
       737       73.700       594.74      0.06215356   -756.78765051   -756.72549695
       738       73.800       551.03      0.05758572   -756.78652841   -756.72894269
       739       73.900       504.71      0.05274408   -756.78548727   -756.73274319
       740       74.000       467.15      0.04881956   -756.78462978   -756.73581022
       741       74.100       440.88      0.04607362   -756.78403524   -756.73796163
       742       74.200       434.34      0.04539089   -756.78375771   -756.73836682
       743       74.300       440.37      0.04602124   -756.78381802   -756.73779679
       744       74.400       450.34      0.04706280   -756.78420557   -756.73714277
       745       74.500       477.58      0.04990912   -756.78487693   -756.73496781
       746       74.600       498.88      0.05213503   -756.78576467   -756.73362964
       747       74.700       541.21      0.05655901   -756.78677486   -756.73021585
       748       74.800       573.73      0.05995735   -756.78783363   -756.72787627
       749       74.900       599.20      0.06261875   -756.78884627   -756.72622752
       750       75.000       631.52      0.06599701   -756.78974252   -756.72374551
       751       75.100       658.48      0.06881417   -756.79048128   -756.72166711
       752       75.200       667.30      0.06973609   -756.79103155   -756.72129546
       753       75.300       676.91      0.07074067   -756.79137592   -756.72063524
       754       75.400       674.04      0.07043997   -756.79151937   -756.72107940
       755       75.500       662.08      0.06919001   -756.79147517   -756.72228516
       756       75.600       656.45      0.06860249   -756.79126542   -756.72266293
       757       75.700       646.56      0.06756883   -756.79091242   -756.72334359
       758       75.800       628.64      0.06569584   -756.79044157   -756.72474573
       759       75.900       606.40      0.06337160   -756.78988257   -756.72651097
       760       76.000       584.47      0.06107991   -756.78926382   -756.72818391
       761       76.100       562.68      0.05880323   -756.78861149   -756.72980826
       762       76.200       535.72      0.05598502   -756.78795135   -756.73196633
       763       76.300       526.45      0.05501640   -756.78731178   -756.73229538
       764       76.400       496.16      0.05185140   -756.78670294   -756.73485155
       765       76.500       476.57      0.04980418   -756.78616143   -756.73635725
       766       76.600       463.98      0.04848851   -756.78570151   -756.73721300
       767       76.700       457.47      0.04780756   -756.78533916   -756.73753161
       768       76.800       453.81      0.04742560   -756.78508700   -756.73766140
       769       76.900       455.38      0.04758929   -756.78495922   -756.73736993
       770       77.000       453.40      0.04738250   -756.78496556   -756.73758306
       771       77.100       452.08      0.04724457   -756.78511150   -756.73786693
       772       77.200       459.31      0.04799989   -756.78540025   -756.73740036
       773       77.300       477.04      0.04985264   -756.78582730   -756.73597466
       774       77.400       501.92      0.05245335   -756.78638756   -756.73393421
       775       77.500       525.89      0.05495762   -756.78706852   -756.73211090
       776       77.600       541.65      0.05660497   -756.78784754   -756.73124257
       777       77.700       576.84      0.06028284   -756.78869063   -756.72840779
       778       77.800       597.10      0.06239958   -756.78957854   -756.72717896
       779       77.900       628.36      0.06566693   -756.79046298   -756.72479606
       780       78.000       656.48      0.06860551   -756.79131098   -756.72270547
       781       78.100       679.87      0.07104977   -756.79207531   -756.72102554
       782       78.200       698.21      0.07296616   -756.79271156   -756.71974540
       783       78.300       719.99      0.07524232   -756.79317579   -756.71793347
       784       78.400       730.08      0.07629735   -756.79343205   -756.71713470
       785       78.500       729.12      0.07619649   -756.79344610   -756.71724961
       786       78.600       717.01      0.07493140   -756.79320028   -756.71826888
       787       78.700       698.20      0.07296525   -756.79269309   -756.71972784
       788       78.800       677.48      0.07080008   -756.79194322   -756.72114314
       789       78.900       648.71      0.06779365   -756.79098385   -756.72319020
       790       79.000       606.02      0.06333178   -756.78987619   -756.72654442
       791       79.100       571.88      0.05976380   -756.78871204   -756.72894824
       792       79.200       525.75      0.05494333   -756.78757656   -756.73263323
       793       79.300       487.13      0.05090713   -756.78658525   -756.73567813
       794       79.400       463.84      0.04847311   -756.78582768   -756.73735457
       795       79.500       446.20      0.04663029   -756.78536752   -756.73873723
       796       79.600       433.04      0.04525428   -756.78524979   -756.73999551
       797       79.700       442.58      0.04625198   -756.78548016   -756.73922818
       798       79.800       459.58      0.04802872   -756.78602969   -756.73800097
       799       79.900       487.02      0.05089543   -756.78683773   -756.73594231
       800       80.000       524.49      0.05481148   -756.78782570   -756.73301422
       801       80.100       554.03      0.05789928   -756.78890834   -756.73100906
       802       80.200       599.18      0.06261746   -756.78998883   -756.72737138
       803       80.300       625.42      0.06535947   -756.79100263   -756.72564316
       804       80.400       663.39      0.06932705   -756.79187604   -756.72254899
       805       80.500       687.33      0.07182916   -756.79257740   -756.72074824
       806       80.600       711.51      0.07435602   -756.79307320   -756.71871718
       807       80.700       724.75      0.07573994   -756.79335400   -756.71761406
       808       80.800       724.90      0.07575555   -756.79341957   -756.71766403
       809       80.900       719.85      0.07522808   -756.79328149   -756.71805340
       810       81.000       703.79      0.07354910   -756.79296116   -756.71941206
       811       81.100       683.74      0.07145409   -756.79248803   -756.72103394
       812       81.200       662.96      0.06928212   -756.79189486   -756.72261274
       813       81.300       638.85      0.06676246   -756.79121428   -756.72445182
       814       81.400       606.40      0.06337185   -756.79048072   -756.72710887
       815       81.500       568.51      0.05941223   -756.78973331   -756.73032108
       816       81.600       542.98      0.05674354   -756.78901057   -756.73226703
       817       81.700       519.08      0.05424584   -756.78833693   -756.73409110
       818       81.800       495.47      0.05177902   -756.78773959   -756.73596057
       819       81.900       485.14      0.05069933   -756.78724564   -756.73654632
       820       82.000       471.07      0.04922854   -756.78686991   -756.73764136
       821       82.100       463.67      0.04845583   -756.78663369   -756.73817786
       822       82.200       467.30      0.04883556   -756.78654849   -756.73771293
       823       82.300       458.66      0.04793218   -756.78662111   -756.73868892
       824       82.400       467.14      0.04881888   -756.78685361   -756.73803473
       825       82.500       480.27      0.05019005   -756.78724361   -756.73705357
       826       82.600       500.24      0.05227711   -756.78778056   -756.73550345
       827       82.700       518.47      0.05418293   -756.78845042   -756.73426749
       828       82.800       535.28      0.05593946   -756.78922768   -756.73328822
       829       82.900       559.00      0.05841819   -756.79008052   -756.73166232
       830       83.000       593.87      0.06206199   -756.79098168   -756.72891969
       831       83.100       614.01      0.06416665   -756.79189994   -756.72773329
       832       83.200       646.57      0.06756990   -756.79278372   -756.72521381
       833       83.300       673.24      0.07035637   -756.79360055   -756.72324419
       834       83.400       690.23      0.07213199   -756.79430335   -756.72217136
       835       83.500       711.38      0.07434299   -756.79484910   -756.72050611
       836       83.600       721.88      0.07543965   -756.79520402   -756.71976437
       837       83.700       719.20      0.07515963   -756.79533534   -756.72017571
       838       83.800       713.38      0.07455203   -756.79522424   -756.72067221
       839       83.900       701.38      0.07329783   -756.79486466   -756.72156683
       840       84.000       666.76      0.06967914   -756.79426469   -756.72458555
       841       84.100       643.07      0.06720432   -756.79346258   -756.72625825
       842       84.200       613.87      0.06415278   -756.79249605   -756.72834327
       843       84.300       576.16      0.06021141   -756.79142765   -756.73121624
       844       84.400       536.18      0.05603363   -756.79034295   -756.73430931
       845       84.500       502.04      0.05246518   -756.78933290   -756.73686771
       846       84.600       474.79      0.04961768   -756.78848157   -756.73886389
       847       84.700       454.76      0.04752467   -756.78786180   -756.74033713
       848       84.800       449.09      0.04693179   -756.78752802   -756.74059623
       849       84.900       458.73      0.04793902   -756.78750492   -756.73956590
       850       85.000       465.25      0.04862103   -756.78778891   -756.73916787
       851       85.100       479.62      0.05012260   -756.78834338   -756.73822078
       852       85.200       517.68      0.05410015   -756.78910786   -756.73500771
       853       85.300       535.66      0.05597878   -756.79001813   -756.73403935
       854       85.400       570.39      0.05960815   -756.79097449   -756.73136634
       855       85.500       609.81      0.06372837   -756.79191175   -756.72818338
       856       85.600       630.07      0.06584562   -756.79276609   -756.72692047
       857       85.700       661.56      0.06913623   -756.79347432   -756.72433809
       858       85.800       677.02      0.07075178   -756.79400990   -756.72325812
       859       85.900       675.88      0.07063303   -756.79434912   -756.72371609
       860       86.000       675.32      0.07057382   -756.79448801   -756.72391419
       861       86.100       668.04      0.06981305   -756.79443898   -756.72462594
       862       86.200       661.89      0.06917064   -756.79421990   -756.72504926
       863       86.300       652.12      0.06814958   -756.79385401   -756.72570444
       864       86.400       633.10      0.06616148   -756.79336760   -756.72720612
       865       86.500       613.85      0.06414985   -756.79279378   -756.72864393
       866       86.600       595.41      0.06222272   -756.79216465   -756.72994192
       867       86.700       570.94      0.05966606   -756.79150994   -756.73184388
       868       86.800       556.80      0.05818775   -756.79086420   -756.73267645
       869       86.900       537.25      0.05614537   -756.79024958   -756.73410421
       870       87.000       508.48      0.05313862   -756.78969570   -756.73655708
       871       87.100       491.65      0.05138014   -756.78923210   -756.73785196
       872       87.200       472.69      0.04939856   -756.78887322   -756.73947466
       873       87.300       463.40      0.04842779   -756.78863729   -756.74020950
       874       87.400       463.78      0.04846701   -756.78853141   -756.74006440
       875       87.500       453.04      0.04734436   -756.78856141   -756.74121705
       876       87.600       453.90      0.04743495   -756.78872753   -756.74129258
       877       87.700       466.61      0.04876270   -756.78902795   -756.74026525
       878       87.800       481.53      0.05032260   -756.78945542   -756.73913282
       879       87.900       499.57      0.05220776   -756.78999633   -756.73778857
       880       88.000       520.21      0.05436463   -756.79063289   -756.73626826
       881       88.100       547.70      0.05723726   -756.79134350   -756.73410624
       882       88.200       579.82      0.06059419   -756.79210538   -756.73151120
       883       88.300       608.74      0.06361667   -756.79289089   -756.72927422
       884       88.400       630.98      0.06594080   -756.79366483   -756.72772403
       885       88.500       653.90      0.06833532   -756.79439034   -756.72605502
       886       88.600       677.36      0.07078775   -756.79503443   -756.72424668
       887       88.700       697.33      0.07287439   -756.79556511   -756.72269071
       888       88.800       716.34      0.07486107   -756.79595027   -756.72108920
       889       88.900       721.09      0.07535742   -756.79616322   -756.72080579
       890       89.000       726.00      0.07587030   -756.79618123   -756.72031093
       891       89.100       718.46      0.07508279   -756.79599426   -756.72091147
       892       89.200       695.10      0.07264178   -756.79560419   -756.72296241
       893       89.300       677.69      0.07082192   -756.79503278   -756.72421086
       894       89.400       650.95      0.06802733   -756.79430962   -756.72628229
       895       89.500       623.92      0.06520269   -756.79348634   -756.72828365
       896       89.600       591.87      0.06185273   -756.79262538   -756.73077265
       897       89.700       566.80      0.05923349   -756.79180461   -756.73257113
       898       89.800       542.55      0.05669875   -756.79109309   -756.73439434
       899       89.900       519.93      0.05433495   -756.79056094   -756.73622598
       900       90.000       512.16      0.05352316   -756.79026300   -756.73673984
       901       90.100       504.39      0.05271065   -756.79022414   -756.73751349
       902       90.200       515.25      0.05384619   -756.79044605   -756.73659986
       903       90.300       526.56      0.05502834   -756.79090370   -756.73587536
       904       90.400       538.52      0.05627794   -756.79154628   -756.73526834
       905       90.500       565.50      0.05909696   -756.79230852   -756.73321156
       906       90.600       590.21      0.06167964   -756.79312528   -756.73144564
       907       90.700       610.80      0.06383110   -756.79392786   -756.73009676
       908       90.800       636.56      0.06652330   -756.79465564   -756.72813234
       909       90.900       648.81      0.06780387   -756.79526952   -756.72746566
       910       91.000       660.66      0.06904243   -756.79573582   -756.72669339
       911       91.100       663.10      0.06929668   -756.79604423   -756.72674755
       912       91.200       665.05      0.06950074   -756.79619318   -756.72669245
       913       91.300       671.07      0.07012972   -756.79619220   -756.72606248
       914       91.400       661.80      0.06916175   -756.79605415   -756.72689240
       915       91.500       653.49      0.06829248   -756.79580073   -756.72750825
       916       91.600       642.08      0.06709991   -756.79545338   -756.72835347
       917       91.700       621.29      0.06492816   -756.79503821   -756.73011005
       918       91.800       614.92      0.06426159   -756.79458117   -756.73031957
       919       91.900       593.43      0.06201644   -756.79410137   -756.73208494
       920       92.000       575.14      0.06010439   -756.79362582   -756.73352144
       921       92.100       560.55      0.05857982   -756.79317467   -756.73459484
       922       92.200       547.92      0.05726034   -756.79276462   -756.73550428
       923       92.300       535.51      0.05596378   -756.79241050   -756.73644672
       924       92.400       525.85      0.05495430   -756.79212683   -756.73717253
       925       92.500       527.09      0.05508304   -756.79192388   -756.73684084
       926       92.600       513.96      0.05371131   -756.79180756   -756.73809625
       927       92.700       505.01      0.05277545   -756.79178688   -756.73901143
       928       92.800       502.60      0.05252458   -756.79186426   -756.73933968
       929       92.900       506.90      0.05297307   -756.79204181   -756.73906874
       930       93.000       511.45      0.05344936   -756.79231665   -756.73886728
       931       93.100       517.59      0.05409080   -756.79268306   -756.73859227
       932       93.200       533.35      0.05573748   -756.79313222   -756.73739475
       933       93.300       551.90      0.05767619   -756.79365491   -756.73597872
       934       93.400       575.00      0.06009011   -756.79423483   -756.73414473
       935       93.500       591.04      0.06176659   -756.79485397   -756.73308738
       936       93.600       609.63      0.06370903   -756.79548517   -756.73177613
       937       93.700       628.61      0.06569307   -756.79610371   -756.73041064
       938       93.800       645.80      0.06748878   -756.79668212   -756.72919334
       939       93.900       663.63      0.06935234   -756.79719237   -756.72784003
       940       94.000       672.24      0.07025245   -756.79760424   -756.72735179
       941       94.100       680.53      0.07111857   -756.79789120   -756.72677264
       942       94.200       678.61      0.07091823   -756.79803230   -756.72711407
       943       94.300       669.37      0.06995225   -756.79801380   -756.72806155
       944       94.400       661.76      0.06915749   -756.79783320   -756.72867571
       945       94.500       650.61      0.06799134   -756.79749798   -756.72950664
       946       94.600       631.61      0.06600669   -756.79702649   -756.73101980
       947       94.700       610.44      0.06379416   -756.79645456   -756.73266040
       948       94.800       585.48      0.06118510   -756.79582792   -756.73464282
       949       94.900       556.04      0.05810831   -756.79520283   -756.73709451
       950       95.000       531.61      0.05555626   -756.79463917   -756.73908291
       951       95.100       505.74      0.05285236   -756.79418749   -756.74133512
       952       95.200       499.81      0.05223240   -756.79389197   -756.74165957
       953       95.300       491.15      0.05132716   -756.79377043   -756.74244327
       954       95.400       493.20      0.05154170   -756.79382825   -756.74228656
       955       95.500       502.34      0.05249688   -756.79405164   -756.74155477
       956       95.600       528.01      0.05517943   -756.79441126   -756.73923183
       957       95.700       546.23      0.05708394   -756.79486806   -756.73778412
       958       95.800       570.04      0.05957221   -756.79537340   -756.73580119
       959       95.900       593.61      0.06203557   -756.79588169   -756.73384612
       960       96.000       608.29      0.06356926   -756.79635447   -756.73278521
       961       96.100       620.55      0.06485032   -756.79675768   -756.73190736
       962       96.200       632.83      0.06613350   -756.79707391   -756.73094041
       963       96.300       650.61      0.06799194   -756.79729355   -756.72930161
       964       96.400       645.14      0.06742025   -756.79741211   -756.72999186
       965       96.500       653.41      0.06828476   -756.79743381   -756.72914905
       966       96.600       646.14      0.06752438   -756.79736473   -756.72984035
       967       96.700       635.75      0.06643929   -756.79721764   -756.73077835
       968       96.800       631.29      0.06597291   -756.79700585   -756.73103294
       969       96.900       609.95      0.06374308   -756.79674093   -756.73299786
       970       97.000       591.15      0.06177805   -756.79644019   -756.73466215
       971       97.100       579.43      0.06055311   -756.79611937   -756.73556627
       972       97.200       560.96      0.05862265   -756.79578548   -756.73716283
       973       97.300       540.80      0.05651668   -756.79545646   -756.73893978
       974       97.400       523.93      0.05475321   -756.79514202   -756.74038881
       975       97.500       515.58      0.05388038   -756.79485569   -756.74097531
       976       97.600       515.10      0.05383020   -756.79460521   -756.74077500
       977       97.700       512.60      0.05356898   -756.79439836   -756.74082939
       978       97.800       498.62      0.05210796   -756.79424370   -756.74213574
       979       97.900       500.65      0.05232024   -756.79415531   -756.74183507
       980       98.000       503.70      0.05263912   -756.79413688   -756.74149776
       981       98.100       504.32      0.05270363   -756.79419558   -756.74149195
       982       98.200       504.11      0.05268223   -756.79433517   -756.74165294
       983       98.300       503.42      0.05260973   -756.79455499   -756.74194526
       984       98.400       513.22      0.05363446   -756.79485197   -756.74121752
       985       98.500       519.10      0.05424797   -756.79522105   -756.74097308
       986       98.600       533.40      0.05574240   -756.79564799   -756.73990560
       987       98.700       545.99      0.05705897   -756.79612046   -756.73906149
       988       98.800       561.56      0.05868530   -756.79661518   -756.73792988
       989       98.900       571.28      0.05970197   -756.79711141   -756.73740944
       990       99.000       592.79      0.06194958   -756.79757778   -756.73562820
       991       99.100       610.23      0.06377231   -756.79799400   -756.73422169
       992       99.200       630.18      0.06585650   -756.79832743   -756.73247094
       993       99.300       634.05      0.06626138   -756.79855545   -756.73229407
       994       99.400       635.02      0.06636222   -756.79865456   -756.73229234
       995       99.500       640.33      0.06691796   -756.79861566   -756.73169770
       996       99.600       630.57      0.06589759   -756.79843538   -756.73253778
       997       99.700       615.94      0.06436870   -756.79812511   -756.73375640
       998       99.800       611.18      0.06387091   -756.79770879   -756.73383787
       999       99.900       590.80      0.06174096   -756.79721526   -756.73547430
      1000      100.000       576.22      0.06021802   -756.79669246   -756.73647444
