# MD Simulation - NVT Ensemble
# Timestep: 0.5 fs
#     Step     Time(fs)      Temp(K)          KE(Ha)          PE(Ha)          TE(Ha)
         1        0.500       389.43      0.04069697   -756.58247325   -756.54177628
         2        1.000       422.05      0.04410614   -756.58948347   -756.54537733
         3        1.500       290.33      0.03034078   -756.59417870   -756.56383792
         4        2.000       324.25      0.03388570   -756.59701729   -756.56313158
         5        2.500       327.63      0.03423910   -756.60005109   -756.56581199
         6        3.000       361.12      0.03773867   -756.60369996   -756.56596129
         7        3.500       349.05      0.03647774   -756.60589803   -756.56942028
         8        4.000       323.67      0.03382514   -756.60890126   -756.57507613
         9        4.500       274.49      0.02868571   -756.61330112   -756.58461541
        10        5.000       283.37      0.02961335   -756.61640158   -756.58678822
        11        5.500       411.25      0.04297764   -756.61925496   -756.57627732
        12        6.000       383.73      0.04010169   -756.62212333   -756.58202164
        13        6.500       379.97      0.03970851   -756.62224109   -756.58253258
        14        7.000       343.91      0.03594035   -756.62424724   -756.58830689
        15        7.500       362.30      0.03786165   -756.62723352   -756.58937187
        16        8.000       311.35      0.03253722   -756.63010722   -756.59757000
        17        8.500       284.93      0.02977687   -756.63074129   -756.60096443
        18        9.000       338.18      0.03534102   -756.63266452   -756.59732350
        19        9.500       259.36      0.02710419   -756.63540877   -756.60830458
        20       10.000       254.08      0.02655280   -756.63655424   -756.61000144
        21       10.500       321.40      0.03358767   -756.63604921   -756.60246154
        22       11.000       353.65      0.03695805   -756.63735478   -756.60039673
        23       11.500       413.87      0.04325130   -756.63922523   -756.59597393
        24       12.000       294.64      0.03079129   -756.64019925   -756.60940797
        25       12.500       346.76      0.03623855   -756.64242634   -756.60618779
        26       13.000       318.72      0.03330817   -756.64422965   -756.61092147
        27       13.500       257.70      0.02693048   -756.64540519   -756.61847471
        28       14.000       387.11      0.04045464   -756.64734377   -756.60688913
        29       14.500       344.82      0.03603560   -756.64832810   -756.61229249
        30       15.000       336.77      0.03519443   -756.64867794   -756.61348350
        31       15.500       300.80      0.03143539   -756.64963689   -756.61820150
        32       16.000       286.80      0.02997154   -756.65055456   -756.62058301
        33       16.500       322.96      0.03375070   -756.65271408   -756.61896337
        34       17.000       387.22      0.04046643   -756.65383270   -756.61336627
        35       17.500       371.18      0.03879060   -756.65377999   -756.61498939
        36       18.000       471.00      0.04922185   -756.65509979   -756.60587794
        37       18.500       325.68      0.03403476   -756.65604830   -756.62201354
        38       19.000       263.94      0.02758289   -756.65758545   -756.63000256
        39       19.500       389.92      0.04074808   -756.65865922   -756.61791113
        40       20.000       317.17      0.03314601   -756.65933156   -756.62618554
        41       20.500       308.54      0.03224341   -756.65993268   -756.62768927
        42       21.000       391.36      0.04089948   -756.66085091   -756.61995143
        43       21.500       324.64      0.03392613   -756.66105622   -756.62713009
        44       22.000       358.44      0.03745889   -756.66164493   -756.62418604
        45       22.500       345.57      0.03611320   -756.66207356   -756.62596036
        46       23.000       280.18      0.02927972   -756.66109273   -756.63181302
        47       23.500       341.20      0.03565696   -756.66248855   -756.62683159
        48       24.000       344.34      0.03598521   -756.66301989   -756.62703468
        49       24.500       360.91      0.03771730   -756.66393847   -756.62622118
        50       25.000       257.57      0.02691765   -756.66418867   -756.63727102
        51       25.500       339.40      0.03546874   -756.66572986   -756.63026112
        52       26.000       309.40      0.03233339   -756.66572288   -756.63338949
        53       26.500       333.34      0.03483552   -756.66698454   -756.63214902
        54       27.000       362.32      0.03786402   -756.66722338   -756.62935936
        55       27.500       283.38      0.02961437   -756.66744999   -756.63783563
        56       28.000       363.04      0.03793962   -756.66835638   -756.63041676
        57       28.500       305.75      0.03195241   -756.66872577   -756.63677336
        58       29.000       271.52      0.02837497   -756.66964495   -756.64126998
        59       29.500       309.89      0.03238483   -756.66948398   -756.63709915
        60       30.000       331.39      0.03463215   -756.66952551   -756.63489336
        61       30.500       351.22      0.03670423   -756.66950816   -756.63280393
        62       31.000       260.61      0.02723531   -756.67053482   -756.64329951
        63       31.500       265.54      0.02774979   -756.67152710   -756.64377731
        64       32.000       325.28      0.03399367   -756.67106659   -756.63707292
        65       32.500       259.02      0.02706848   -756.67248904   -756.64542055
        66       33.000       278.28      0.02908177   -756.67315125   -756.64406948
        67       33.500       305.17      0.03189143   -756.67404354   -756.64215211
        68       34.000       351.10      0.03669185   -756.67420970   -756.63751785
        69       34.500       298.21      0.03116448   -756.67376621   -756.64260173
        70       35.000       334.26      0.03493137   -756.67356084   -756.63862947
        71       35.500       394.47      0.04122348   -756.67432486   -756.63310138
        72       36.000       221.31      0.02312801   -756.67498925   -756.65186123
        73       36.500       357.47      0.03735768   -756.67563355   -756.63827587
        74       37.000       241.77      0.02526587   -756.67659439   -756.65132852
        75       37.500       318.65      0.03330096   -756.67752752   -756.64422656
        76       38.000       277.13      0.02896164   -756.67796452   -756.64900288
        77       38.500       270.93      0.02831368   -756.67786200   -756.64954832
        78       39.000       334.91      0.03500006   -756.67838007   -756.64338001
        79       39.500       384.83      0.04021672   -756.67888663   -756.63866991
        80       40.000       272.70      0.02849855   -756.67992371   -756.65142516
        81       40.500       370.48      0.03871715   -756.67946778   -756.64075063
        82       41.000       277.45      0.02899479   -756.68006176   -756.65106697
        83       41.500       373.24      0.03900506   -756.68037241   -756.64136735
        84       42.000       267.95      0.02800169   -756.68031076   -756.65230908
        85       42.500       281.81      0.02944999   -756.68118066   -756.65173068
        86       43.000       265.06      0.02770017   -756.68118178   -756.65348161
        87       43.500       275.80      0.02882192   -756.68222474   -756.65340282
        88       44.000       319.98      0.03343931   -756.68308883   -756.64964951
        89       44.500       325.81      0.03404831   -756.68335851   -756.64931020
        90       45.000       320.71      0.03351568   -756.68321443   -756.64969875
        91       45.500       237.35      0.02480386   -756.68314199   -756.65833813
        92       46.000       359.06      0.03752360   -756.68302756   -756.64550396
        93       46.500       284.24      0.02970467   -756.68415415   -756.65444947
        94       47.000       387.37      0.04048197   -756.68334705   -756.64286508
        95       47.500       314.22      0.03283717   -756.68376803   -756.65093086
        96       48.000       324.63      0.03392577   -756.68402167   -756.65009590
        97       48.500       370.26      0.03869423   -756.68459251   -756.64589828
        98       49.000       323.53      0.03381067   -756.68435041   -756.65053974
        99       49.500       326.87      0.03415987   -756.68546217   -756.65130230
       100       50.000       249.84      0.02610982   -756.68643226   -756.66032244
       101       50.500       360.04      0.03762541   -756.68718146   -756.64955605
       102       51.000       305.19      0.03189412   -756.68746545   -756.65557132
       103       51.500       231.83      0.02422718   -756.68810701   -756.66387983
       104       52.000       508.24      0.05311371   -756.68815972   -756.63504601
       105       52.500       376.21      0.03931575   -756.68849561   -756.64917986
       106       53.000       279.43      0.02920168   -756.68863156   -756.65942988
       107       53.500       420.42      0.04393614   -756.68902840   -756.64509226
       108       54.000       276.96      0.02894344   -756.68898045   -756.66003701
       109       54.500       258.81      0.02704714   -756.68941262   -756.66236548
       110       55.000       339.59      0.03548885   -756.68922203   -756.65373318
       111       55.500       297.08      0.03104603   -756.68867978   -756.65763376
       112       56.000       220.15      0.02300673   -756.68900491   -756.66599818
       113       56.500       333.05      0.03480483   -756.69068492   -756.65588009
       114       57.000       426.46      0.04456736   -756.69098699   -756.64641963
       115       57.500       300.50      0.03140374   -756.69005993   -756.65865619
       116       58.000       356.16      0.03722009   -756.69139276   -756.65417267
       117       58.500       369.12      0.03857450   -756.69226291   -756.65368841
       118       59.000       341.86      0.03572606   -756.69248440   -756.65675835
       119       59.500       252.63      0.02640103   -756.69294163   -756.66654059
       120       60.000       289.74      0.03027925   -756.69241081   -756.66213156
       121       60.500       389.51      0.04070558   -756.69234944   -756.65164386
       122       61.000       328.70      0.03435041   -756.69269854   -756.65834814
       123       61.500       293.36      0.03065780   -756.69255636   -756.66189856
       124       62.000       267.78      0.02798478   -756.69337042   -756.66538564
       125       62.500       282.58      0.02953118   -756.69329570   -756.66376452
       126       63.000       295.90      0.03092289   -756.69366850   -756.66274561
       127       63.500       373.71      0.03905419   -756.69354496   -756.65449076
       128       64.000       246.63      0.02577360   -756.69325926   -756.66748565
       129       64.500       220.73      0.02306733   -756.69444163   -756.67137430
       130       65.000       266.70      0.02787142   -756.69449045   -756.66661903
       131       65.500       322.06      0.03365693   -756.69485813   -756.66120120
       132       66.000       398.05      0.04159816   -756.69514597   -756.65354781
       133       66.500       433.57      0.04530966   -756.69399296   -756.64868330
       134       67.000       416.79      0.04355627   -756.69411058   -756.65055431
       135       67.500       296.38      0.03097303   -756.69381429   -756.66284127
       136       68.000       283.94      0.02967286   -756.69433565   -756.66466279
       137       68.500       254.72      0.02661939   -756.69398059   -756.66736120
       138       69.000       258.33      0.02699721   -756.69407935   -756.66708215
       139       69.500       304.53      0.03182467   -756.69417475   -756.66235008
       140       70.000       268.03      0.02801067   -756.69538730   -756.66737663
       141       70.500       469.44      0.04905903   -756.69531307   -756.64625404
       142       71.000       340.17      0.03554906   -756.69562913   -756.66008007
       143       71.500       362.74      0.03790787   -756.69580415   -756.65789628
       144       72.000       238.51      0.02492590   -756.69622138   -756.67129549
       145       72.500       324.27      0.03388725   -756.69664780   -756.66276055
       146       73.000       302.96      0.03166104   -756.69633539   -756.66467435
       147       73.500       280.97      0.02936268   -756.69663732   -756.66727465
       148       74.000       328.78      0.03435914   -756.69693329   -756.66257415
       149       74.500       284.91      0.02977414   -756.69662425   -756.66685011
       150       75.000       318.22      0.03325563   -756.69653253   -756.66327690
       151       75.500       257.67      0.02692753   -756.69726736   -756.67033983
       152       76.000       216.25      0.02259869   -756.69793721   -756.67533852
       153       76.500       299.05      0.03125203   -756.69839639   -756.66714436
       154       77.000       298.31      0.03117455   -756.69831831   -756.66714375
       155       77.500       318.83      0.03331882   -756.69825978   -756.66494096
       156       78.000       418.27      0.04371126   -756.69923454   -756.65552328
       157       78.500       337.43      0.03526292   -756.69828305   -756.66302014
       158       79.000       293.16      0.03063660   -756.69793619   -756.66729959
       159       79.500       292.54      0.03057232   -756.69830629   -756.66773397
       160       80.000       300.54      0.03140790   -756.69844364   -756.66703573
       161       80.500       423.50      0.04425822   -756.70007850   -756.65582028
       162       81.000       348.83      0.03645436   -756.69993849   -756.66348413
       163       81.500       351.73      0.03675716   -756.69997610   -756.66321893
       164       82.000       254.03      0.02654727   -756.70025171   -756.67370443
       165       82.500       244.08      0.02550793   -756.70080990   -756.67530197
       166       83.000       352.09      0.03679496   -756.70066323   -756.66386826
       167       83.500       459.10      0.04797855   -756.70006869   -756.65209014
       168       84.000       368.29      0.03848805   -756.70004416   -756.66155610
       169       84.500       374.43      0.03913020   -756.70013682   -756.66100662
       170       85.000       296.21      0.03095525   -756.70069379   -756.66973854
       171       85.500       291.20      0.03043231   -756.70091980   -756.67048749
       172       86.000       254.30      0.02657568   -756.70154287   -756.67496719
       173       86.500       364.06      0.03804651   -756.70128675   -756.66324024
       174       87.000       360.32      0.03765475   -756.70158664   -756.66393189
       175       87.500       259.81      0.02715128   -756.70223603   -756.67508474
       176       88.000       226.35      0.02365447   -756.70155584   -756.67790136
       177       88.500       197.36      0.02062542   -756.70194528   -756.68131985
       178       89.000       366.85      0.03833749   -756.70241525   -756.66407777
       179       89.500       382.47      0.03997035   -756.70242058   -756.66245023
       180       90.000       380.30      0.03974318   -756.70165586   -756.66191268
       181       90.500       239.59      0.02503864   -756.70134236   -756.67630372
       182       91.000       337.49      0.03526953   -756.70169119   -756.66642166
       183       91.500       308.19      0.03220782   -756.70273842   -756.67053061
       184       92.000       298.80      0.03122583   -756.70292291   -756.67169708
       185       92.500       390.65      0.04082437   -756.70219996   -756.66137559
       186       93.000       306.40      0.03201992   -756.70159411   -756.66957419
       187       93.500       307.93      0.03218042   -756.70243316   -756.67025274
       188       94.000       302.76      0.03163940   -756.70311507   -756.67147567
       189       94.500       359.44      0.03756277   -756.70259988   -756.66503711
       190       95.000       366.40      0.03829105   -756.70225926   -756.66396821
       191       95.500       308.64      0.03225481   -756.70258551   -756.67033071
       192       96.000       304.33      0.03180372   -756.70218766   -756.67038394
       193       96.500       350.98      0.03667912   -756.70234246   -756.66566334
       194       97.000       306.53      0.03203406   -756.70176507   -756.66973100
       195       97.500       266.17      0.02781627   -756.70165624   -756.67383997
       196       98.000       349.02      0.03647414   -756.70332907   -756.66685493
       197       98.500       256.24      0.02677801   -756.70354601   -756.67676799
       198       99.000       336.53      0.03516927   -756.70278440   -756.66761514
       199       99.500       294.66      0.03079368   -756.70279124   -756.67199755
       200      100.000       290.87      0.03039679   -756.70304445   -756.67264766
       201      100.500       380.58      0.03977248   -756.70321730   -756.66344483
       202      101.000       295.93      0.03092574   -756.70363471   -756.67270897
       203      101.500       233.89      0.02444250   -756.70338157   -756.67893907
       204      102.000       339.45      0.03547465   -756.70402286   -756.66854821
       205      102.500       272.32      0.02845834   -756.70461129   -756.67615296
       206      103.000       278.33      0.02908639   -756.70476970   -756.67568331
       207      103.500       275.72      0.02881367   -756.70425048   -756.67543682
       208      104.000       330.46      0.03453476   -756.70446967   -756.66993491
       209      104.500       330.65      0.03455425   -756.70334526   -756.66879101
       210      105.000       287.83      0.03008008   -756.70395630   -756.67387622
       211      105.500       271.55      0.02837827   -756.70446318   -756.67608491
       212      106.000       261.72      0.02735106   -756.70482729   -756.67747623
       213      106.500       417.89      0.04367198   -756.70484674   -756.66117476
       214      107.000       308.19      0.03220717   -756.70549055   -756.67328337
       215      107.500       322.05      0.03365606   -756.70575680   -756.67210074
       216      108.000       291.23      0.03043452   -756.70620169   -756.67576716
       217      108.500       350.63      0.03664234   -756.70633178   -756.66968944
       218      109.000       396.42      0.04142748   -756.70609907   -756.66467159
       219      109.500       377.07      0.03940570   -756.70621655   -756.66681085
       220      110.000       297.30      0.03106914   -756.70623309   -756.67516395
       221      110.500       375.92      0.03928590   -756.70575477   -756.66646887
       222      111.000       246.34      0.02574322   -756.70581466   -756.68007145
       223      111.500       305.84      0.03196173   -756.70611729   -756.67415556
       224      112.000       242.81      0.02537483   -756.70596887   -756.68059404
       225      112.500       326.66      0.03413786   -756.70538786   -756.67125000
       226      113.000       338.97      0.03542431   -756.70600861   -756.67058431
       227      113.500       337.41      0.03526117   -756.70551322   -756.67025206
       228      114.000       347.64      0.03633008   -756.70553828   -756.66920820
       229      114.500       225.56      0.02357179   -756.70709696   -756.68352516
       230      115.000       276.26      0.02887053   -756.70707572   -756.67820519
       231      115.500       300.47      0.03140055   -756.70667836   -756.67527781
       232      116.000       301.81      0.03154096   -756.70634131   -756.67480036
       233      116.500       392.68      0.04103676   -756.70681998   -756.66578323
       234      117.000       380.35      0.03974803   -756.70778009   -756.66803206
       235      117.500       268.92      0.02810381   -756.70763987   -756.67953606
       236      118.000       271.19      0.02834090   -756.70812748   -756.67978658
       237      118.500       428.32      0.04476122   -756.70812138   -756.66336016
       238      119.000       416.58      0.04353478   -756.70782996   -756.66429518
       239      119.500       319.55      0.03339417   -756.70875937   -756.67536520
       240      120.000       321.93      0.03364338   -756.70846988   -756.67482651
       241      120.500       285.30      0.02981513   -756.70714084   -756.67732571
       242      121.000       263.87      0.02757552   -756.70834235   -756.68076683
       243      121.500       346.03      0.03616180   -756.70876098   -756.67259919
       244      122.000       206.45      0.02157532   -756.70870225   -756.68712693
       245      122.500       315.20      0.03293951   -756.70890874   -756.67596923
       246      123.000       283.14      0.02958917   -756.70879372   -756.67920455
       247      123.500       327.43      0.03421794   -756.70867466   -756.67445672
       248      124.000       318.11      0.03324352   -756.70917384   -756.67593031
       249      124.500       318.75      0.03331110   -756.70829213   -756.67498103
       250      125.000       293.21      0.03064218   -756.70924835   -756.67860616
       251      125.500       313.20      0.03273068   -756.71028086   -756.67755019
       252      126.000       297.92      0.03113375   -756.70930463   -756.67817088
       253      126.500       298.66      0.03121144   -756.71002744   -756.67881600
       254      127.000       314.45      0.03286156   -756.71065797   -756.67779640
       255      127.500       375.34      0.03922488   -756.71084554   -756.67162066
       256      128.000       331.87      0.03468244   -756.71076065   -756.67607821
       257      128.500       251.07      0.02623832   -756.71052290   -756.68428458
       258      129.000       439.85      0.04596609   -756.71099575   -756.66502966
       259      129.500       275.07      0.02874598   -756.71060144   -756.68185546
       260      130.000       355.26      0.03712685   -756.70982042   -756.67269357
       261      130.500       363.22      0.03795808   -756.70974142   -756.67178334
       262      131.000       383.19      0.04004488   -756.71078908   -756.67074420
       263      131.500       400.45      0.04184927   -756.71090144   -756.66905216
       264      132.000       339.30      0.03545848   -756.71064773   -756.67518925
       265      132.500       319.68      0.03340847   -756.71003701   -756.67662854
       266      133.000       358.65      0.03748078   -756.71032656   -756.67284579
       267      133.500       344.23      0.03597373   -756.71115080   -756.67517706
       268      134.000       254.27      0.02657248   -756.71136458   -756.68479210
       269      134.500       370.15      0.03868287   -756.71158212   -756.67289925
       270      135.000       262.37      0.02741908   -756.71178167   -756.68436259
       271      135.500       331.95      0.03469026   -756.71149257   -756.67680231
       272      136.000       342.17      0.03575832   -756.71101972   -756.67526140
       273      136.500       279.69      0.02922844   -756.71077075   -756.68154231
       274      137.000       308.35      0.03222361   -756.71100914   -756.67878553
       275      137.500       319.82      0.03342252   -756.71130914   -756.67788662
       276      138.000       322.31      0.03368290   -756.71146986   -756.67778696
       277      138.500       296.35      0.03097024   -756.71100879   -756.68003854
       278      139.000       279.25      0.02918258   -756.71073605   -756.68155347
       279      139.500       348.73      0.03644434   -756.71083800   -756.67439366
       280      140.000       349.04      0.03647654   -756.71260468   -756.67612814
       281      140.500       361.37      0.03776460   -756.71224566   -756.67448107
       282      141.000       346.17      0.03617647   -756.71292003   -756.67674356
       283      141.500       405.62      0.04238967   -756.71234428   -756.66995462
       284      142.000       330.76      0.03456652   -756.71317906   -756.67861254
       285      142.500       290.16      0.03032305   -756.71262778   -756.68230473
       286      143.000       240.59      0.02514318   -756.71320307   -756.68805989
       287      143.500       385.64      0.04030123   -756.71313214   -756.67283090
       288      144.000       356.78      0.03728538   -756.71341871   -756.67613333
       289      144.500       265.48      0.02774389   -756.71327516   -756.68553127
       290      145.000       293.21      0.03064192   -756.71366955   -756.68302762
       291      145.500       366.69      0.03832124   -756.71409558   -756.67577433
       292      146.000       318.26      0.03326014   -756.71340638   -756.68014624
       293      146.500       277.07      0.02895473   -756.71231744   -756.68336271
       294      147.000       381.95      0.03991601   -756.71302132   -756.67310531
       295      147.500       368.99      0.03856101   -756.71322312   -756.67466210
       296      148.000       242.49      0.02534140   -756.71350886   -756.68816745
       297      148.500       369.70      0.03863561   -756.71421480   -756.67557919
       298      149.000       330.01      0.03448771   -756.71382712   -756.67933941
       299      149.500       403.44      0.04216160   -756.71325582   -756.67109421
       300      150.000       351.32      0.03671421   -756.71318208   -756.67646787
       301      150.500       255.05      0.02665440   -756.71397687   -756.68732247
       302      151.000       325.24      0.03398909   -756.71311409   -756.67912500
       303      151.500       372.65      0.03894362   -756.71388978   -756.67494616
       304      152.000       248.33      0.02595177   -756.71366089   -756.68770912
       305      152.500       291.79      0.03049354   -756.71406351   -756.68356997
       306      153.000       395.54      0.04133538   -756.71421032   -756.67287494
       307      153.500       250.09      0.02613581   -756.71276513   -756.68662932
       308      154.000       347.10      0.03627311   -756.71379098   -756.67751788
       309      154.500       305.21      0.03189634   -756.71386346   -756.68196712
       310      155.000       347.96      0.03636394   -756.71436757   -756.67800363
       311      155.500       307.28      0.03211196   -756.71457996   -756.68246800
       312      156.000       372.09      0.03888492   -756.71435419   -756.67546927
       313      156.500       278.77      0.02913232   -756.71490158   -756.68576926
       314      157.000       304.44      0.03181526   -756.71399825   -756.68218299
       315      157.500       333.02      0.03480260   -756.71472586   -756.67992326
       316      158.000       363.89      0.03802798   -756.71512771   -756.67709973
       317      158.500       301.68      0.03152690   -756.71492566   -756.68339877
       318      159.000       333.19      0.03481993   -756.71513314   -756.68031321
       319      159.500       400.65      0.04186948   -756.71519598   -756.67332650
       320      160.000       263.21      0.02750655   -756.71501983   -756.68751328
       321      160.500       262.00      0.02738048   -756.71473686   -756.68735639
       322      161.000       270.04      0.02822033   -756.71516163   -756.68694130
       323      161.500       318.85      0.03332177   -756.71607758   -756.68275582
       324      162.000       297.22      0.03106114   -756.71578897   -756.68472783
       325      162.500       351.83      0.03676815   -756.71574337   -756.67897522
       326      163.000       234.69      0.02452641   -756.71464150   -756.69011509
       327      163.500       352.51      0.03683869   -756.71501450   -756.67817582
       328      164.000       465.46      0.04864262   -756.71515255   -756.66650993
       329      164.500       394.04      0.04117943   -756.71563585   -756.67445642
       330      165.000       362.11      0.03784244   -756.71608778   -756.67824534
       331      165.500       223.26      0.02333212   -756.71674579   -756.69341366
       332      166.000       371.33      0.03880544   -756.71713176   -756.67832632
       333      166.500       304.92      0.03186558   -756.71638137   -756.68451579
       334      167.000       271.66      0.02838982   -756.71625306   -756.68786324
       335      167.500       331.43      0.03463592   -756.71709710   -756.68246118
       336      168.000       328.50      0.03432964   -756.71673401   -756.68240437
       337      168.500       316.17      0.03304091   -756.71620308   -756.68316218
       338      169.000       296.69      0.03100561   -756.71661646   -756.68561085
       339      169.500       252.24      0.02636022   -756.71642521   -756.69006499
       340      170.000       377.95      0.03949807   -756.71650670   -756.67700862
       341      170.500       205.97      0.02152533   -756.71659158   -756.69506625
       342      171.000       350.80      0.03666014   -756.71716877   -756.68050862
       343      171.500       315.04      0.03292298   -756.71649888   -756.68357590
       344      172.000       490.98      0.05131006   -756.71594370   -756.66463364
       345      172.500       411.22      0.04297453   -756.71593838   -756.67296385
       346      173.000       314.38      0.03285446   -756.71541821   -756.68256375
       347      173.500       286.75      0.02996713   -756.71598260   -756.68601548
       348      174.000       340.50      0.03558422   -756.71612935   -756.68054512
       349      174.500       408.51      0.04269153   -756.71610800   -756.67341648
       350      175.000       345.08      0.03606242   -756.71485480   -756.67879238
       351      175.500       304.58      0.03182955   -756.71405012   -756.68222057
       352      176.000       270.24      0.02824173   -756.71402404   -756.68578231
       353      176.500       493.99      0.05162434   -756.71432114   -756.66269680
       354      177.000       349.58      0.03653253   -756.71506651   -756.67853398
       355      177.500       354.30      0.03702623   -756.71446076   -756.67743453
       356      178.000       281.57      0.02942547   -756.71505754   -756.68563207
       357      178.500       291.45      0.03045834   -756.71481491   -756.68435658
       358      179.000       276.98      0.02894564   -756.71544782   -756.68650218
       359      179.500       351.20      0.03670158   -756.71622814   -756.67952656
       360      180.000       389.99      0.04075577   -756.71580425   -756.67504848
       361      180.500       297.52      0.03109197   -756.71476714   -756.68367517
       362      181.000       263.15      0.02750063   -756.71583040   -756.68832976
       363      181.500       373.84      0.03906819   -756.71590620   -756.67683801
       364      182.000       257.98      0.02696041   -756.71617627   -756.68921587
       365      182.500       309.70      0.03236554   -756.71620074   -756.68383520
       366      183.000       244.73      0.02557549   -756.71587403   -756.69029854
       367      183.500       395.96      0.04137937   -756.71628983   -756.67491045
       368      184.000       355.78      0.03718066   -756.71631429   -756.67913363
       369      184.500       485.92      0.05078096   -756.71640625   -756.66562529
       370      185.000       343.90      0.03593965   -756.71624714   -756.68030749
       371      185.500       421.52      0.04405115   -756.71546563   -756.67141448
       372      186.000       294.05      0.03072996   -756.71568064   -756.68495068
       373      186.500       364.35      0.03807589   -756.71703534   -756.67895945
       374      187.000       359.07      0.03752473   -756.71584273   -756.67831800
       375      187.500       395.40      0.04132146   -756.71673608   -756.67541462
       376      188.000       233.16      0.02436677   -756.71634538   -756.69197861
       377      188.500       299.41      0.03128964   -756.71778437   -756.68649472
       378      189.000       342.66      0.03580992   -756.71876256   -756.68295264
       379      189.500       465.51      0.04864755   -756.71832728   -756.66967973
       380      190.000       270.11      0.02822766   -756.71728137   -756.68905371
       381      190.500       306.93      0.03207545   -756.71734856   -756.68527310
       382      191.000       342.75      0.03581882   -756.71766797   -756.68184915
       383      191.500       274.27      0.02866281   -756.71705434   -756.68839153
       384      192.000       322.73      0.03372732   -756.71683291   -756.68310560
       385      192.500       372.11      0.03888675   -756.71638242   -756.67749567
       386      193.000       364.29      0.03806983   -756.71629736   -756.67822753
       387      193.500       308.40      0.03222883   -756.71729883   -756.68507000
       388      194.000       331.01      0.03459237   -756.71755078   -756.68295841
       389      194.500       215.29      0.02249857   -756.71667604   -756.69417747
       390      195.000       340.16      0.03554840   -756.71722488   -756.68167648
       391      195.500       341.51      0.03568957   -756.71679520   -756.68110563
       392      196.000       272.27      0.02845339   -756.71690525   -756.68845186
       393      196.500       267.94      0.02800132   -756.71716982   -756.68916850
       394      197.000       350.46      0.03662499   -756.71836923   -756.68174423
       395      197.500       384.60      0.04019214   -756.71762255   -756.67743041
       396      198.000       272.17      0.02844285   -756.71722607   -756.68878322
       397      198.500       303.82      0.03175102   -756.71777553   -756.68602451
       398      199.000       345.45      0.03610073   -756.71773116   -756.68163044
       399      199.500       291.79      0.03049387   -756.71697166   -756.68647779
       400      200.000       398.55      0.04164990   -756.71694783   -756.67529793
       401      200.500       337.38      0.03525823   -756.71747932   -756.68222108
       402      201.000       298.82      0.03122862   -756.71736629   -756.68613767
       403      201.500       299.77      0.03132692   -756.71738644   -756.68605952
       404      202.000       329.05      0.03438734   -756.71720974   -756.68282239
       405      202.500       302.49      0.03161209   -756.71741269   -756.68580060
       406      203.000       259.00      0.02706698   -756.71753248   -756.69046550
       407      203.500       243.31      0.02542714   -756.71815670   -756.69272956
       408      204.000       259.90      0.02716121   -756.71781314   -756.69065193
       409      204.500       230.80      0.02411972   -756.71777764   -756.69365792
       410      205.000       288.78      0.03017902   -756.71785057   -756.68767155
       411      205.500       232.67      0.02431461   -756.71835290   -756.69403829
       412      206.000       277.53      0.02900279   -756.71850118   -756.68949839
       413      206.500       283.47      0.02962364   -756.71878919   -756.68916555
       414      207.000       329.09      0.03439154   -756.71821152   -756.68381997
       415      207.500       334.65      0.03497204   -756.71812758   -756.68315554
       416      208.000       303.29      0.03169536   -756.71838318   -756.68668782
       417      208.500       351.18      0.03669956   -756.71806534   -756.68136577
       418      209.000       214.76      0.02244339   -756.71776432   -756.69532093
       419      209.500       313.49      0.03276109   -756.71804949   -756.68528841
       420      210.000       305.03      0.03187708   -756.71819108   -756.68631401
       421      210.500       331.16      0.03460807   -756.71769549   -756.68308741
       422      211.000       315.17      0.03293660   -756.71765161   -756.68471501
       423      211.500       344.53      0.03600506   -756.71764414   -756.68163908
       424      212.000       261.72      0.02735074   -756.71785046   -756.69049973
       425      212.500       353.20      0.03691132   -756.71802584   -756.68111452
       426      213.000       388.93      0.04064489   -756.71853584   -756.67789095
       427      213.500       307.14      0.03209805   -756.71750795   -756.68540990
       428      214.000       337.68      0.03528902   -756.71728362   -756.68199460
       429      214.500       332.51      0.03474874   -756.71753651   -756.68278777
       430      215.000       231.51      0.02419371   -756.71692452   -756.69273082
       431      215.500       327.25      0.03419914   -756.71728235   -756.68308321
       432      216.000       335.43      0.03505362   -756.71812435   -756.68307074
       433      216.500       283.58      0.02963531   -756.71792122   -756.68828592
       434      217.000       355.53      0.03715438   -756.71791011   -756.68075573
       435      217.500       249.91      0.02611643   -756.71754440   -756.69142797
       436      218.000       311.20      0.03252177   -756.71763401   -756.68511224
       437      218.500       290.14      0.03032080   -756.71810575   -756.68778495
       438      219.000       356.26      0.03723079   -756.71784720   -756.68061641
       439      219.500       245.89      0.02569642   -756.71735416   -756.69165775
       440      220.000       388.26      0.04057522   -756.71784805   -756.67727283
       441      220.500       234.62      0.02451840   -756.71796146   -756.69344305
       442      221.000       279.73      0.02923291   -756.71751563   -756.68828272
       443      221.500       347.65      0.03633149   -756.71834729   -756.68201580
       444      222.000       303.60      0.03172723   -756.71650677   -756.68477954
       445      222.500       373.99      0.03908406   -756.71695610   -756.67787204
       446      223.000       308.42      0.03223173   -756.71784577   -756.68561404
       447      223.500       353.34      0.03692558   -756.71883346   -756.68190787
       448      224.000       272.57      0.02848494   -756.71784945   -756.68936451
       449      224.500       259.58      0.02712687   -756.71833225   -756.69120538
       450      225.000       219.15      0.02290218   -756.71790755   -756.69500538
       451      225.500       276.91      0.02893890   -756.71852385   -756.68958496
       452      226.000       320.81      0.03352577   -756.71887005   -756.68534428
       453      226.500       362.17      0.03784816   -756.71912028   -756.68127212
       454      227.000       250.04      0.02613052   -756.71910945   -756.69297893
       455      227.500       306.14      0.03199285   -756.71883153   -756.68683868
       456      228.000       308.25      0.03221315   -756.71852273   -756.68630959
       457      228.500       318.64      0.03329986   -756.71850156   -756.68520171
       458      229.000       294.54      0.03078041   -756.71941906   -756.68863865
       459      229.500       344.19      0.03596957   -756.71925700   -756.68328743
       460      230.000       318.83      0.03331894   -756.71864547   -756.68532653
       461      230.500       279.45      0.02920434   -756.71965296   -756.69044862
       462      231.000       286.75      0.02996683   -756.72003273   -756.69006590
       463      231.500       348.01      0.03636836   -756.71944317   -756.68307481
       464      232.000       313.00      0.03271031   -756.71909256   -756.68638225
       465      232.500       354.00      0.03699445   -756.71927428   -756.68227983
       466      233.000       231.10      0.02415080   -756.71942183   -756.69527103
       467      233.500       340.33      0.03556584   -756.72002702   -756.68446118
       468      234.000       286.90      0.02998260   -756.71962040   -756.68963780
       469      234.500       222.71      0.02327389   -756.71995559   -756.69668170
       470      235.000       324.81      0.03394373   -756.71998920   -756.68604547
       471      235.500       322.47      0.03369944   -756.72015522   -756.68645577
       472      236.000       369.38      0.03860205   -756.71993649   -756.68133444
       473      236.500       324.66      0.03392855   -756.71913805   -756.68520950
       474      237.000       279.87      0.02924805   -756.71969467   -756.69044662
       475      237.500       198.88      0.02078362   -756.72015830   -756.69937468
       476      238.000       284.66      0.02974856   -756.72089362   -756.69114506
       477      238.500       278.47      0.02910192   -756.72133440   -756.69223248
       478      239.000       309.32      0.03232526   -756.71960204   -756.68727678
       479      239.500       320.37      0.03348052   -756.71981351   -756.68633299
       480      240.000       326.06      0.03407460   -756.72083856   -756.68676396
       481      240.500       242.09      0.02529923   -756.72097987   -756.69568064
       482      241.000       247.02      0.02581470   -756.72061780   -756.69480310
       483      241.500       334.55      0.03496180   -756.72071604   -756.68575424
       484      242.000       299.80      0.03133050   -756.72055468   -756.68922418
       485      242.500       268.25      0.02803312   -756.72154805   -756.69351493
       486      243.000       267.77      0.02798314   -756.72168484   -756.69370169
       487      243.500       255.10      0.02665868   -756.72181195   -756.69515327
       488      244.000       317.59      0.03319007   -756.72161453   -756.68842446
       489      244.500       400.65      0.04187004   -756.72165098   -756.67978095
       490      245.000       337.97      0.03531996   -756.72098204   -756.68566208
       491      245.500       327.91      0.03426786   -756.72126803   -756.68700016
       492      246.000       390.72      0.04083236   -756.72156838   -756.68073602
       493      246.500       275.89      0.02883205   -756.72118682   -756.69235477
       494      247.000       370.80      0.03875066   -756.72179506   -756.68304440
       495      247.500       347.06      0.03626896   -756.72118272   -756.68491376
       496      248.000       360.10      0.03763246   -756.72148426   -756.68385180
       497      248.500       302.11      0.03157222   -756.72105049   -756.68947827
       498      249.000       336.50      0.03516608   -756.72133269   -756.68616661
       499      249.500       233.64      0.02441664   -756.72187805   -756.69746141
       500      250.000       313.32      0.03274319   -756.72178637   -756.68904318
       501      250.500       261.32      0.02730928   -756.72211756   -756.69480828
       502      251.000       370.82      0.03875279   -756.72201540   -756.68326261
       503      251.500       357.77      0.03738897   -756.72123221   -756.68384323
       504      252.000       370.25      0.03869272   -756.72129119   -756.68259847
       505      252.500       261.76      0.02735527   -756.72244637   -756.69509110
       506      253.000       287.57      0.03005232   -756.72265704   -756.69260472
       507      253.500       275.58      0.02879932   -756.72253126   -756.69373194
       508      254.000       272.95      0.02852436   -756.72197366   -756.69344930
       509      254.500       403.03      0.04211880   -756.72205623   -756.67993742
       510      255.000       258.35      0.02699904   -756.72191639   -756.69491735
       511      255.500       236.92      0.02475938   -756.72190090   -756.69714152
       512      256.000       330.55      0.03454453   -756.72141662   -756.68687210
       513      256.500       367.79      0.03843536   -756.72177281   -756.68333744
       514      257.000       281.22      0.02938849   -756.72186200   -756.69247351
       515      257.500       318.79      0.03331465   -756.72190409   -756.68858944
       516      258.000       291.21      0.03043298   -756.72216021   -756.69172723
       517      258.500       302.05      0.03156618   -756.72260044   -756.69103426
       518      259.000       270.98      0.02831840   -756.72277518   -756.69445678
       519      259.500       384.92      0.04022573   -756.72268781   -756.68246208
       520      260.000       191.69      0.02003263   -756.72233906   -756.70230643
       521      260.500       468.69      0.04898033   -756.72234940   -756.67336907
       522      261.000       332.80      0.03477867   -756.72216624   -756.68738757
       523      261.500       267.06      0.02790931   -756.72241441   -756.69450510
       524      262.000       249.45      0.02606862   -756.72164688   -756.69557826
       525      262.500       354.58      0.03705557   -756.72209552   -756.68503995
       526      263.000       299.01      0.03124778   -756.72226795   -756.69102017
       527      263.500       291.88      0.03050282   -756.72192936   -756.69142654
       528      264.000       349.94      0.03657074   -756.72220111   -756.68563037
       529      264.500       252.79      0.02641801   -756.72139115   -756.69497313
       530      265.000       304.52      0.03182423   -756.72086674   -756.68904251
       531      265.500       329.81      0.03446648   -756.72072312   -756.68625664
       532      266.000       198.57      0.02075201   -756.72099406   -756.70024205
       533      266.500       277.50      0.02900013   -756.72048150   -756.69148137
       534      267.000       314.26      0.03284162   -756.72128884   -756.68844722
       535      267.500       263.26      0.02751207   -756.72123739   -756.69372532
       536      268.000       310.86      0.03248622   -756.72201256   -756.68952634
       537      268.500       298.08      0.03115066   -756.72236208   -756.69121143
       538      269.000       353.70      0.03696327   -756.72208770   -756.68512444
       539      269.500       305.42      0.03191791   -756.72265658   -756.69073868
       540      270.000       365.63      0.03821037   -756.72255978   -756.68434941
       541      270.500       318.14      0.03324739   -756.72254853   -756.68930115
       542      271.000       374.12      0.03909753   -756.72170534   -756.68260781
       543      271.500       277.65      0.02901602   -756.72094262   -756.69192660
       544      272.000       327.89      0.03426606   -756.72054606   -756.68628000
       545      272.500       368.61      0.03852143   -756.72125015   -756.68272872
       546      273.000       282.37      0.02950920   -756.72169406   -756.69218486
       547      273.500       295.93      0.03092646   -756.72104005   -756.69011358
       548      274.000       363.03      0.03793802   -756.72213358   -756.68419556
       549      274.500       344.68      0.03602103   -756.72224037   -756.68621934
       550      275.000       325.71      0.03403818   -756.72219088   -756.68815270
       551      275.500       224.91      0.02350445   -756.72192785   -756.69842340
       552      276.000       372.03      0.03887863   -756.72225828   -756.68337965
       553      276.500       270.43      0.02826154   -756.72222025   -756.69395871
       554      277.000       209.26      0.02186859   -756.72212173   -756.70025315
       555      277.500       335.14      0.03502328   -756.72134919   -756.68632592
       556      278.000       262.68      0.02745163   -756.72281258   -756.69536095
       557      278.500       318.33      0.03326708   -756.72194219   -756.68867511
       558      279.000       348.30      0.03639923   -756.72220641   -756.68580718
       559      279.500       320.68      0.03351216   -756.72202655   -756.68851438
       560      280.000       300.73      0.03142823   -756.72261379   -756.69118557
       561      280.500       343.06      0.03585120   -756.72289339   -756.68704220
       562      281.000       257.98      0.02696050   -756.72338710   -756.69642660
       563      281.500       312.13      0.03261862   -756.72277669   -756.69015807
       564      282.000       314.33      0.03284911   -756.72317275   -756.69032365
       565      282.500       199.03      0.02079951   -756.72270046   -756.70190095
       566      283.000       406.50      0.04248166   -756.72219978   -756.67971812
       567      283.500       349.01      0.03647345   -756.72190237   -756.68542892
       568      284.000       381.27      0.03984458   -756.72163535   -756.68179078
       569      284.500       336.79      0.03519576   -756.72211749   -756.68692173
       570      285.000       317.83      0.03321523   -756.72236699   -756.68915176
       571      285.500       211.34      0.02208634   -756.72230478   -756.70021844
       572      286.000       410.16      0.04286353   -756.72280136   -756.67993783
       573      286.500       282.50      0.02952287   -756.72247238   -756.69294951
       574      287.000       311.98      0.03260317   -756.72314997   -756.69054680
       575      287.500       297.62      0.03110229   -756.72266766   -756.69156537
       576      288.000       397.40      0.04152970   -756.72298210   -756.68145240
       577      288.500       423.97      0.04430721   -756.72243491   -756.67812770
       578      289.000       326.26      0.03409602   -756.72189666   -756.68780065
       579      289.500       244.06      0.02550576   -756.72216484   -756.69665908
       580      290.000       215.31      0.02250055   -756.72291179   -756.70041124
       581      290.500       233.31      0.02438157   -756.72321768   -756.69883611
       582      291.000       328.93      0.03437440   -756.72295907   -756.68858467
       583      291.500       419.41      0.04383012   -756.72297120   -756.67914107
       584      292.000       282.30      0.02950180   -756.72256367   -756.69306187
       585      292.500       413.83      0.04324696   -756.72300250   -756.67975554
       586      293.000       261.52      0.02732993   -756.72233478   -756.69500485
       587      293.500       307.73      0.03215977   -756.72316848   -756.69100871
       588      294.000       275.68      0.02880965   -756.72326720   -756.69445756
       589      294.500       331.71      0.03466549   -756.72269878   -756.68803329
       590      295.000       275.91      0.02883414   -756.72216116   -756.69332702
       591      295.500       351.82      0.03676655   -756.72260783   -756.68584128
       592      296.000       352.30      0.03681715   -756.72287033   -756.68605319
       593      296.500       446.56      0.04666755   -756.72273723   -756.67606967
       594      297.000       358.32      0.03744643   -756.72283290   -756.68538648
       595      297.500       283.00      0.02957484   -756.72292764   -756.69335279
       596      298.000       297.76      0.03111692   -756.72297782   -756.69186091
       597      298.500       336.25      0.03513968   -756.72413290   -756.68899322
       598      299.000       349.18      0.03649119   -756.72377665   -756.68728545
       599      299.500       320.14      0.03345641   -756.72374899   -756.69029258
       600      300.000       231.39      0.02418093   -756.72302510   -756.69884417
       601      300.500       319.29      0.03336763   -756.72318947   -756.68982184
       602      301.000       303.53      0.03172030   -756.72369786   -756.69197756
       603      301.500       281.55      0.02942359   -756.72402183   -756.69459824
       604      302.000       252.83      0.02642160   -756.72402541   -756.69760381
       605      302.500       259.23      0.02709118   -756.72400242   -756.69691123
       606      303.000       277.43      0.02899280   -756.72374192   -756.69474911
       607      303.500       337.05      0.03522316   -756.72356121   -756.68833806
       608      304.000       289.73      0.03027800   -756.72372285   -756.69344485
       609      304.500       370.29      0.03869746   -756.72359174   -756.68489428
       610      305.000       343.08      0.03585299   -756.72397140   -756.68811842
       611      305.500       326.22      0.03409139   -756.72386489   -756.68977351
       612      306.000       219.71      0.02296047   -756.72339839   -756.70043791
       613      306.500       310.88      0.03248830   -756.72379817   -756.69130986
       614      307.000       304.73      0.03184579   -756.72424778   -756.69240199
       615      307.500       241.71      0.02525963   -756.72363344   -756.69837382
       616      308.000       433.77      0.04533153   -756.72388084   -756.67854931
       617      308.500       326.83      0.03415560   -756.72360600   -756.68945040
       618      309.000       343.70      0.03591777   -756.72378047   -756.68786269
       619      309.500       313.82      0.03279568   -756.72369057   -756.69089489
       620      310.000       379.73      0.03968344   -756.72369159   -756.68400814
       621      310.500       238.67      0.02494257   -756.72420958   -756.69926701
       622      311.000       311.45      0.03254755   -756.72447177   -756.69192421
       623      311.500       276.72      0.02891857   -756.72396264   -756.69504407
       624      312.000       370.43      0.03871127   -756.72357688   -756.68486561
       625      312.500       345.75      0.03613235   -756.72363075   -756.68749839
       626      313.000       419.43      0.04383271   -756.72298900   -756.67915629
       627      313.500       216.51      0.02262647   -756.72232735   -756.69970088
       628      314.000       286.82      0.02997390   -756.72408730   -756.69411340
       629      314.500       292.14      0.03053025   -756.72432955   -756.69379930
       630      315.000       275.82      0.02882462   -756.72365871   -756.69483410
       631      315.500       240.95      0.02518094   -756.72335857   -756.69817764
       632      316.000       301.59      0.03151793   -756.72379021   -756.69227227
       633      316.500       226.01      0.02361879   -756.72411183   -756.70049305
       634      317.000       343.79      0.03592776   -756.72409130   -756.68816354
       635      317.500       427.61      0.04468776   -756.72424701   -756.67955925
       636      318.000       326.65      0.03413618   -756.72334995   -756.68921377
       637      318.500       289.66      0.03027117   -756.72341819   -756.69314702
       638      319.000       359.08      0.03752550   -756.72399474   -756.68646924
       639      319.500       380.68      0.03978257   -756.72409873   -756.68431616
       640      320.000       351.89      0.03677426   -756.72429783   -756.68752356
       641      320.500       259.15      0.02708211   -756.72453317   -756.69745106
       642      321.000       339.29      0.03545787   -756.72390229   -756.68844441
       643      321.500       236.91      0.02475802   -756.72412845   -756.69937043
       644      322.000       338.95      0.03542178   -756.72459815   -756.68917637
       645      322.500       319.10      0.03334778   -756.72513114   -756.69178336
       646      323.000       333.21      0.03482228   -756.72438313   -756.68956085
       647      323.500       238.98      0.02497430   -756.72482252   -756.69984821
       648      324.000       332.81      0.03478062   -756.72476083   -756.68998021
       649      324.500       281.01      0.02936705   -756.72406652   -756.69469947
       650      325.000       317.17      0.03314598   -756.72426163   -756.69111564
       651      325.500       395.39      0.04132024   -756.72445358   -756.68313334
       652      326.000       212.03      0.02215811   -756.72474685   -756.70258874
       653      326.500       301.30      0.03148686   -756.72484996   -756.69336310
       654      327.000       308.01      0.03218881   -756.72405583   -756.69186702
       655      327.500       271.50      0.02837341   -756.72421519   -756.69584178
       656      328.000       249.76      0.02610089   -756.72429264   -756.69819175
       657      328.500       259.01      0.02706745   -756.72489717   -756.69782971
       658      329.000       270.43      0.02826103   -756.72486846   -756.69660743
       659      329.500       320.08      0.03345005   -756.72496277   -756.69151273
       660      330.000       285.13      0.02979708   -756.72495699   -756.69515991
       661      330.500       442.13      0.04620488   -756.72504955   -756.67884467
       662      331.000       341.81      0.03572130   -756.72480787   -756.68908657
       663      331.500       339.57      0.03548648   -756.72489345   -756.68940697
       664      332.000       284.29      0.02970992   -756.72467728   -756.69496737
       665      332.500       300.49      0.03140266   -756.72485697   -756.69345430
       666      333.000       327.96      0.03427321   -756.72471541   -756.69044220
       667      333.500       313.75      0.03278830   -756.72361897   -756.69083067
       668      334.000       389.42      0.04069625   -756.72371875   -756.68302250
       669      334.500       265.71      0.02776797   -756.72391775   -756.69614978
       670      335.000       294.97      0.03082598   -756.72440230   -756.69357632
       671      335.500       320.50      0.03349340   -756.72460607   -756.69111267
       672      336.000       287.23      0.03001645   -756.72411050   -756.69409405
       673      336.500       394.13      0.04118862   -756.72265399   -756.68146537
       674      337.000       326.98      0.03417144   -756.72422542   -756.69005398
       675      337.500       300.58      0.03141153   -756.72421470   -756.69280317
       676      338.000       248.63      0.02598300   -756.72446952   -756.69848653
       677      338.500       403.04      0.04211918   -756.72447093   -756.68235174
       678      339.000       226.37      0.02365680   -756.72446623   -756.70080943
       679      339.500       336.04      0.03511802   -756.72509147   -756.68997344
       680      340.000       292.02      0.03051749   -756.72488549   -756.69436801
       681      340.500       295.34      0.03086453   -756.72461027   -756.69374574
       682      341.000       242.88      0.02538199   -756.72469610   -756.69931411
       683      341.500       238.57      0.02493219   -756.72530564   -756.70037344
       684      342.000       278.39      0.02909280   -756.72496526   -756.69587246
       685      342.500       338.72      0.03539802   -756.72514246   -756.68974444
       686      343.000       298.25      0.03116905   -756.72474222   -756.69357317
       687      343.500       277.89      0.02904054   -756.72486780   -756.69582725
       688      344.000       319.55      0.03339404   -756.72506476   -756.69167072
       689      344.500       354.11      0.03700661   -756.72537818   -756.68837157
       690      345.000       259.32      0.02709983   -756.72515995   -756.69806012
       691      345.500       348.92      0.03646381   -756.72428858   -756.68782477
       692      346.000       302.67      0.03163082   -756.72383945   -756.69220863
       693      346.500       320.62      0.03350610   -756.72348572   -756.68997962
       694      347.000       344.26      0.03597714   -756.72430585   -756.68832871
       695      347.500       276.14      0.02885825   -756.72417916   -756.69532091
       696      348.000       268.08      0.02801583   -756.72541628   -756.69740045
       697      348.500       304.34      0.03180474   -756.72545714   -756.69365241
       698      349.000       290.52      0.03036123   -756.72538817   -756.69502695
       699      349.500       265.73      0.02776969   -756.72576142   -756.69799174
       700      350.000       361.89      0.03781963   -756.72583316   -756.68801353
       701      350.500       360.95      0.03772125   -756.72506423   -756.68734299
       702      351.000       344.66      0.03601892   -756.72481719   -756.68879826
       703      351.500       391.41      0.04090435   -756.72438310   -756.68347875
       704      352.000       368.93      0.03855444   -756.72519485   -756.68664041
       705      352.500       294.91      0.03081910   -756.72460393   -756.69378483
       706      353.000       262.15      0.02739639   -756.72464697   -756.69725058
       707      353.500       240.92      0.02517726   -756.72485658   -756.69967932
       708      354.000       252.55      0.02639221   -756.72497213   -756.69857992
       709      354.500       372.08      0.03888462   -756.72483002   -756.68594540
       710      355.000       309.96      0.03239274   -756.72390183   -756.69150910
       711      355.500       265.70      0.02776736   -756.72511985   -756.69735249
       712      356.000       293.89      0.03071281   -756.72584525   -756.69513244
       713      356.500       349.41      0.03651469   -756.72601951   -756.68950482
       714      357.000       216.05      0.02257871   -756.72604439   -756.70346568
       715      357.500       269.18      0.02813098   -756.72566396   -756.69753297
       716      358.000       375.36      0.03922685   -756.72608168   -756.68685483
       717      358.500       401.84      0.04199427   -756.72463491   -756.68264064
       718      359.000       283.48      0.02962458   -756.72504321   -756.69541862
       719      359.500       292.00      0.03051567   -756.72545070   -756.69493502
       720      360.000       230.21      0.02405854   -756.72599946   -756.70194092
       721      360.500       328.09      0.03428708   -756.72536434   -756.69107726
       722      361.000       241.45      0.02523233   -756.72524353   -756.70001120
       723      361.500       336.76      0.03519255   -756.72520176   -756.69000921
       724      362.000       342.47      0.03578929   -756.72513387   -756.68934458
       725      362.500       430.57      0.04499629   -756.72493428   -756.67993799
       726      363.000       350.18      0.03659550   -756.72423534   -756.68763984
       727      363.500       260.83      0.02725822   -756.72460736   -756.69734914
       728      364.000       374.09      0.03909433   -756.72445855   -756.68536422
       729      364.500       325.34      0.03399942   -756.72512998   -756.69113056
       730      365.000       335.73      0.03508498   -756.72548651   -756.69040153
       731      365.500       292.54      0.03057206   -756.72629014   -756.69571808
       732      366.000       254.57      0.02660354   -756.72610376   -756.69950022
       733      366.500       388.40      0.04058943   -756.72658110   -756.68599166
       734      367.000       318.23      0.03325700   -756.72591132   -756.69265432
       735      367.500       275.09      0.02874786   -756.72613001   -756.69738215
       736      368.000       246.14      0.02572295   -756.72592358   -756.70020063
       737      368.500       443.33      0.04632968   -756.72580358   -756.67947390
       738      369.000       276.62      0.02890859   -756.72582356   -756.69691497
       739      369.500       245.42      0.02564740   -756.72556582   -756.69991842
       740      370.000       329.17      0.03439932   -756.72613453   -756.69173521
       741      370.500       380.06      0.03971822   -756.72620417   -756.68648595
       742      371.000       436.27      0.04559194   -756.72640912   -756.68081719
       743      371.500       403.56      0.04217352   -756.72589856   -756.68372504
       744      372.000       285.97      0.02988514   -756.72602960   -756.69614446
       745      372.500       360.73      0.03769814   -756.72620350   -756.68850536
       746      373.000       380.97      0.03981297   -756.72675469   -756.68694171
       747      373.500       286.15      0.02990400   -756.72642209   -756.69651809
       748      374.000       358.14      0.03742774   -756.72646369   -756.68903595
       749      374.500       371.44      0.03881730   -756.72669710   -756.68787980
       750      375.000       316.87      0.03311483   -756.72612626   -756.69301142
       751      375.500       335.97      0.03511038   -756.72649783   -756.69138744
       752      376.000       276.98      0.02894587   -756.72635883   -756.69741296
       753      376.500       250.18      0.02614501   -756.72666973   -756.70052473
       754      377.000       254.05      0.02654959   -756.72669668   -756.70014710
       755      377.500       311.40      0.03254285   -756.72596249   -756.69341964
       756      378.000       343.82      0.03593077   -756.72623837   -756.69030760
       757      378.500       326.19      0.03408857   -756.72582454   -756.69173597
       758      379.000       236.91      0.02475790   -756.72643222   -756.70167432
       759      379.500       385.58      0.04029539   -756.72647557   -756.68618018
       760      380.000       280.69      0.02933388   -756.72670127   -756.69736739
       761      380.500       419.70      0.04386092   -756.72636745   -756.68250653
       762      381.000       315.94      0.03301684   -756.72574880   -756.69273197
       763      381.500       265.83      0.02778011   -756.72520614   -756.69742603
       764      382.000       353.36      0.03692811   -756.72624093   -756.68931282
       765      382.500       384.18      0.04014859   -756.72628408   -756.68613549
       766      383.000       289.25      0.03022821   -756.72586923   -756.69564101
       767      383.500       285.90      0.02987797   -756.72660146   -756.69672349
       768      384.000       290.05      0.03031177   -756.72679436   -756.69648259
       769      384.500       350.58      0.03663771   -756.72615510   -756.68951739
       770      385.000       348.66      0.03643643   -756.72602045   -756.68958403
       771      385.500       467.23      0.04882726   -756.72690602   -756.67807876
       772      386.000       333.76      0.03487909   -756.72665165   -756.69177256
       773      386.500       267.47      0.02795204   -756.72666609   -756.69871405
       774      387.000       340.72      0.03560734   -756.72672097   -756.69111363
       775      387.500       354.82      0.03708084   -756.72644410   -756.68936326
       776      388.000       291.34      0.03044648   -756.72671456   -756.69626808
       777      388.500       343.06      0.03585142   -756.72640285   -756.69055143
       778      389.000       276.53      0.02889856   -756.72669928   -756.69780072
       779      389.500       206.71      0.02160179   -756.72648917   -756.70488738
       780      390.000       416.29      0.04350418   -756.72639125   -756.68288707
       781      390.500       277.43      0.02899226   -756.72746049   -756.69846823
       782      391.000       307.87      0.03217360   -756.72698004   -756.69480644
       783      391.500       357.32      0.03734165   -756.72668908   -756.68934743
       784      392.000       315.41      0.03296200   -756.72663402   -756.69367202
       785      392.500       259.17      0.02708461   -756.72679436   -756.69970975
       786      393.000       432.91      0.04524119   -756.72566010   -756.68041891
       787      393.500       354.26      0.03702192   -756.72584704   -756.68882512
       788      394.000       323.29      0.03378522   -756.72551469   -756.69172947
       789      394.500       341.82      0.03572150   -756.72644964   -756.69072813
       790      395.000       281.19      0.02938567   -756.72571593   -756.69633026
       791      395.500       264.54      0.02764555   -756.72622926   -756.69858372
       792      396.000       273.52      0.02858437   -756.72671245   -756.69812808
       793      396.500       290.61      0.03037008   -756.72604418   -756.69567410
       794      397.000       431.01      0.04504217   -756.72675819   -756.68171602
       795      397.500       237.58      0.02482864   -756.72555090   -756.70072226
       796      398.000       361.99      0.03782957   -756.72625159   -756.68842202
       797      398.500       251.90      0.02632453   -756.72600833   -756.69968379
       798      399.000       389.08      0.04066025   -756.72594440   -756.68528416
       799      399.500       396.82      0.04146977   -756.72546521   -756.68399543
       800      400.000       288.29      0.03012721   -756.72654843   -756.69642122
       801      400.500       385.93      0.04033169   -756.72643264   -756.68610095
       802      401.000       257.61      0.02692159   -756.72604726   -756.69912568
       803      401.500       279.73      0.02923270   -756.72693728   -756.69770458
       804      402.000       283.55      0.02963214   -756.72750259   -756.69787044
       805      402.500       277.07      0.02895526   -756.72674431   -756.69778905
       806      403.000       311.82      0.03258720   -756.72601733   -756.69343014
       807      403.500       268.34      0.02804297   -756.72722600   -756.69918303
       808      404.000       244.87      0.02558999   -756.72702539   -756.70143540
       809      404.500       402.69      0.04208261   -756.72714504   -756.68506243
       810      405.000       315.56      0.03297711   -756.72707484   -756.69409773
       811      405.500       355.40      0.03714124   -756.72727895   -756.69013772
       812      406.000       339.35      0.03546387   -756.72792126   -756.69245739
       813      406.500       261.44      0.02732173   -756.72771963   -756.70039790
       814      407.000       277.71      0.02902218   -756.72765714   -756.69863496
       815      407.500       212.67      0.02222471   -756.72796752   -756.70574281
       816      408.000       371.29      0.03880194   -756.72788758   -756.68908564
       817      408.500       360.85      0.03771084   -756.72771462   -756.69000378
       818      409.000       302.98      0.03166258   -756.72789231   -756.69622973
       819      409.500       215.44      0.02251418   -756.72782638   -756.70531220
       820      410.000       204.82      0.02140517   -756.72755256   -756.70614739
       821      410.500       328.49      0.03432883   -756.72746866   -756.69313983
       822      411.000       331.35      0.03462763   -756.72582275   -756.69119513
       823      411.500       351.11      0.03669307   -756.72756879   -756.69087572
       824      412.000       350.77      0.03665671   -756.72791092   -756.69125421
       825      412.500       279.28      0.02918585   -756.72761470   -756.69842885
       826      413.000       210.42      0.02198993   -756.72732399   -756.70533405
       827      413.500       291.18      0.03042949   -756.72752537   -756.69709588
       828      414.000       274.35      0.02867045   -756.72766871   -756.69899826
       829      414.500       321.61      0.03360940   -756.72708132   -756.69347192
       830      415.000       257.60      0.02692053   -756.72687577   -756.69995524
       831      415.500       340.70      0.03560525   -756.72636556   -756.69076031
       832      416.000       327.39      0.03421366   -756.72683084   -756.69261718
       833      416.500       358.72      0.03748786   -756.72714017   -756.68965230
       834      417.000       394.15      0.04119045   -756.72659887   -756.68540842
       835      417.500       330.50      0.03453859   -756.72734393   -756.69280534
       836      418.000       309.25      0.03231810   -756.72698207   -756.69466397
       837      418.500       374.51      0.03913774   -756.72732360   -756.68818586
       838      419.000       331.49      0.03464197   -756.72707733   -756.69243536
       839      419.500       262.45      0.02742720   -756.72718086   -756.69975365
       840      420.000       382.14      0.03993553   -756.72680722   -756.68687169
       841      420.500       226.14      0.02363315   -756.72695996   -756.70332681
       842      421.000       248.53      0.02597234   -756.72708486   -756.70111253
       843      421.500       278.03      0.02905550   -756.72763219   -756.69857669
       844      422.000       373.34      0.03901604   -756.72739965   -756.68838361
       845      422.500       391.83      0.04094824   -756.72726588   -756.68631764
       846      423.000       343.36      0.03588303   -756.72777122   -756.69188819
       847      423.500       335.01      0.03501061   -756.72788645   -756.69287585
       848      424.000       306.32      0.03201182   -756.72714581   -756.69513399
       849      424.500       233.95      0.02444847   -756.72672612   -756.70227766
       850      425.000       269.99      0.02821536   -756.72700934   -756.69879398
       851      425.500       360.49      0.03767272   -756.72733836   -756.68966564
       852      426.000       301.78      0.03153796   -756.72776537   -756.69622741
       853      426.500       349.33      0.03650674   -756.72734947   -756.69084272
       854      427.000       469.32      0.04904641   -756.72760201   -756.67855560
       855      427.500       235.07      0.02456562   -756.72728284   -756.70271722
       856      428.000       255.33      0.02668272   -756.72711343   -756.70043071
       857      428.500       314.20      0.03283576   -756.72731831   -756.69448255
       858      429.000       188.32      0.01967990   -756.72743011   -756.70775021
       859      429.500       316.43      0.03306854   -756.72789546   -756.69482692
       860      430.000       294.98      0.03082647   -756.72710270   -756.69627623
       861      430.500       290.87      0.03039764   -756.72746898   -756.69707134
       862      431.000       222.53      0.02325578   -756.72715159   -756.70389581
       863      431.500       300.35      0.03138837   -756.72778773   -756.69639936
       864      432.000       247.16      0.02582976   -756.72776284   -756.70193309
       865      432.500       328.62      0.03434187   -756.72793485   -756.69359299
       866      433.000       349.83      0.03655884   -756.72809365   -756.69153481
       867      433.500       519.64      0.05430521   -756.72845933   -756.67415412
       868      434.000       243.37      0.02543368   -756.72782246   -756.70238878
       869      434.500       292.47      0.03056448   -756.72827744   -756.69771296
       870      435.000       314.43      0.03285921   -756.72808566   -756.69522645
       871      435.500       419.95      0.04388699   -756.72761866   -756.68373167
       872      436.000       338.45      0.03536977   -756.72738728   -756.69201752
       873      436.500       307.21      0.03210461   -756.72782586   -756.69572125
       874      437.000       256.75      0.02683114   -756.72831164   -756.70148050
       875      437.500       324.81      0.03394389   -756.72893201   -756.69498812
       876      438.000       308.92      0.03228348   -756.72849017   -756.69620669
       877      438.500       321.10      0.03355684   -756.72910006   -756.69554322
       878      439.000       395.46      0.04132763   -756.72835125   -756.68702361
       879      439.500       275.28      0.02876789   -756.72787019   -756.69910230
       880      440.000       315.20      0.03294012   -756.72841657   -756.69547646
       881      440.500       321.23      0.03356984   -756.72922335   -756.69565351
       882      441.000       308.53      0.03224287   -756.72906477   -756.69682190
       883      441.500       286.03      0.02989134   -756.72892034   -756.69902899
       884      442.000       355.69      0.03717173   -756.72916970   -756.69199796
       885      442.500       272.08      0.02843411   -756.72894119   -756.70050708
       886      443.000       281.46      0.02941360   -756.72929716   -756.69988357
       887      443.500       308.87      0.03227860   -756.72947296   -756.69719435
       888      444.000       346.89      0.03625152   -756.72927287   -756.69302136
       889      444.500       264.65      0.02765684   -756.72812996   -756.70047312
       890      445.000       243.35      0.02543128   -756.72807788   -756.70264660
       891      445.500       236.24      0.02468863   -756.72811734   -756.70342871
       892      446.000       272.76      0.02850420   -756.72857688   -756.70007268
       893      446.500       360.25      0.03764756   -756.72837848   -756.69073092
       894      447.000       324.34      0.03389510   -756.72858928   -756.69469419
       895      447.500       243.31      0.02542742   -756.72924305   -756.70381563
       896      448.000       293.21      0.03064208   -756.72944863   -756.69880656
       897      448.500       388.27      0.04057571   -756.72841065   -756.68783495
       898      449.000       440.53      0.04603706   -756.72909876   -756.68306171
       899      449.500       320.22      0.03346403   -756.72886307   -756.69539904
       900      450.000       470.37      0.04915598   -756.72854544   -756.67938946
       901      450.500       312.18      0.03262480   -756.72793626   -756.69531145
       902      451.000       328.13      0.03429155   -756.72919093   -756.69489939
       903      451.500       339.47      0.03547603   -756.72876494   -756.69328891
       904      452.000       307.19      0.03210258   -756.72899394   -756.69689136
       905      452.500       317.02      0.03313038   -756.72932159   -756.69619121
       906      453.000       296.21      0.03095563   -756.72947594   -756.69852031
       907      453.500       378.78      0.03958434   -756.72930904   -756.68972470
       908      454.000       412.64      0.04312246   -756.72877878   -756.68565633
       909      454.500       305.13      0.03188799   -756.72871023   -756.69682224
       910      455.000       534.62      0.05587033   -756.72907398   -756.67320365
       911      455.500       338.74      0.03540031   -756.72838784   -756.69298753
       912      456.000       255.29      0.02667904   -756.72906848   -756.70238944
       913      456.500       351.47      0.03673041   -756.72923408   -756.69250367
       914      457.000       364.07      0.03804658   -756.72922185   -756.69117527
       915      457.500       366.16      0.03826522   -756.72963459   -756.69136937
       916      458.000       267.38      0.02794290   -756.72939161   -756.70144872
       917      458.500       319.60      0.03339922   -756.72894498   -756.69554575
       918      459.000       275.18      0.02875741   -756.72930340   -756.70054599
       919      459.500       336.29      0.03514395   -756.72959913   -756.69445518
       920      460.000       281.22      0.02938902   -756.72930603   -756.69991701
       921      460.500       260.03      0.02717452   -756.72887534   -756.70170082
       922      461.000       329.10      0.03439263   -756.72930775   -756.69491511
       923      461.500       361.83      0.03781297   -756.72942806   -756.69161509
       924      462.000       320.91      0.03353664   -756.72883998   -756.69530333
       925      462.500       255.13      0.02666194   -756.72924266   -756.70258072
       926      463.000       319.61      0.03340046   -756.72974727   -756.69634681
       927      463.500       218.96      0.02288227   -756.72991308   -756.70703080
       928      464.000       287.65      0.03006028   -756.72963589   -756.69957561
       929      464.500       296.69      0.03100558   -756.72900610   -756.69800052
       930      465.000       234.33      0.02448884   -756.72916521   -756.70467637
       931      465.500       218.76      0.02286198   -756.72903179   -756.70616980
       932      466.000       348.19      0.03638800   -756.72872523   -756.69233723
       933      466.500       325.85      0.03405298   -756.72947804   -756.69542506
       934      467.000       417.81      0.04366346   -756.73012069   -756.68645723
       935      467.500       326.81      0.03415347   -756.72948459   -756.69533112
       936      468.000       278.33      0.02908713   -756.72867620   -756.69958907
       937      468.500       268.79      0.02809021   -756.72938723   -756.70129702
       938      469.000       339.93      0.03552380   -756.72943921   -756.69391540
       939      469.500       334.09      0.03491369   -756.72915985   -756.69424616
       940      470.000       357.93      0.03740582   -756.72961553   -756.69220971
       941      470.500       290.10      0.03031699   -756.72900855   -756.69869156
       942      471.000       356.90      0.03729798   -756.72993691   -756.69263893
       943      471.500       404.32      0.04225366   -756.72913262   -756.68687896
       944      472.000       290.00      0.03030598   -756.72957869   -756.69927271
       945      472.500       231.89      0.02423369   -756.73033196   -756.70609827
       946      473.000       372.54      0.03893185   -756.72973188   -756.69080003
       947      473.500       316.49      0.03307427   -756.72910595   -756.69603167
       948      474.000       275.38      0.02877874   -756.72865496   -756.69987622
       949      474.500       317.87      0.03321935   -756.72941001   -756.69619066
       950      475.000       275.97      0.02883982   -756.72976675   -756.70092694
       951      475.500       304.57      0.03182929   -756.73020842   -756.69837913
       952      476.000       256.35      0.02678999   -756.73021535   -756.70342536
       953      476.500       311.11      0.03251220   -756.73035046   -756.69783826
       954      477.000       342.85      0.03582981   -756.73027339   -756.69444358
       955      477.500       327.39      0.03421398   -756.73021196   -756.69599797
       956      478.000       339.85      0.03551566   -756.72948592   -756.69397027
       957      478.500       283.01      0.02957572   -756.72922139   -756.69964567
       958      479.000       249.12      0.02603454   -756.72919153   -756.70315699
       959      479.500       267.89      0.02799549   -756.72895482   -756.70095934
       960      480.000       396.77      0.04146435   -756.72994788   -756.68848352
       961      480.500       370.88      0.03875868   -756.73048406   -756.69172538
       962      481.000       295.33      0.03086348   -756.73035439   -756.69949090
       963      481.500       342.62      0.03580532   -756.72922465   -756.69341933
       964      482.000       282.19      0.02948976   -756.73024760   -756.70075784
       965      482.500       202.86      0.02119968   -756.73019590   -756.70899623
       966      483.000       323.34      0.03379085   -756.72968138   -756.69589053
       967      483.500       253.35      0.02647592   -756.72921655   -756.70274064
       968      484.000       426.25      0.04454516   -756.72963319   -756.68508803
       969      484.500       394.64      0.04124139   -756.72986215   -756.68862076
       970      485.000       320.13      0.03345531   -756.72921301   -756.69575771
       971      485.500       332.61      0.03475928   -756.72891396   -756.69415468
       972      486.000       278.39      0.02909342   -756.73022657   -756.70113315
       973      486.500       299.85      0.03133606   -756.73049881   -756.69916275
       974      487.000       262.90      0.02747425   -756.73083954   -756.70336529
       975      487.500       291.11      0.03042249   -756.73113295   -756.70071046
       976      488.000       223.42      0.02334866   -756.73033448   -756.70698582
       977      488.500       406.96      0.04252884   -756.73039283   -756.68786399
       978      489.000       202.50      0.02116259   -756.73020677   -756.70904418
       979      489.500       276.94      0.02894125   -756.73077355   -756.70183230
       980      490.000       319.58      0.03339771   -756.73026397   -756.69686625
       981      490.500       235.96      0.02465879   -756.73060304   -756.70594425
       982      491.000       374.17      0.03910232   -756.73027255   -756.69117023
       983      491.500       407.85      0.04262253   -756.73040138   -756.68777885
       984      492.000       344.03      0.03595282   -756.73064899   -756.69469617
       985      492.500       298.74      0.03121996   -756.73084185   -756.69962190
       986      493.000       331.53      0.03464642   -756.73046345   -756.69581703
       987      493.500       328.85      0.03436664   -756.73070380   -756.69633717
       988      494.000       400.44      0.04184777   -756.73161005   -756.68976228
       989      494.500       390.85      0.04084559   -756.73148500   -756.69063941
       990      495.000       234.86      0.02454353   -756.73186999   -756.70732646
       991      495.500       237.07      0.02477457   -756.73119096   -756.70641639
       992      496.000       275.14      0.02875332   -756.73056295   -756.70180963
       993      496.500       348.12      0.03638033   -756.73132448   -756.69494415
       994      497.000       299.83      0.03133334   -756.73145062   -756.70011727
       995      497.500       276.17      0.02886119   -756.73175216   -756.70289097
       996      498.000       247.22      0.02583527   -756.73213680   -756.70630153
       997      498.500       341.75      0.03571455   -756.73202539   -756.69631084
       998      499.000       337.01      0.03521891   -756.73211367   -756.69689476
       999      499.500       329.17      0.03440002   -756.73224965   -756.69784963
      1000      500.000       397.55      0.04154556   -756.73204259   -756.69049703
